11598.000000 0.000000
11599.000000 0.000000
11600.000000 378.456085
11601.000000 666.463928
11602.000000 652.989685
11603.000000 737.074036
11604.000000 749.237976
11605.000000 829.339355
11606.000000 970.553955
11607.000000 1269.461914
11608.000000 1703.666138
11609.000000 2184.763428
11610.000000 2611.776855
11611.000000 2871.685791
11612.000000 3186.272217
11613.000000 3008.916992
11614.000000 2715.587646
11615.000000 2213.390869
11616.000000 1753.211182
11617.000000 1394.001709
11618.000000 1236.024536
11619.000000 1124.184692
11620.000000 1114.726929
11621.000000 975.307861
11622.000000 955.918091
11623.000000 931.090454
11624.000000 1110.690918
11625.000000 1529.056641
11626.000000 1625.773071
11627.000000 1782.218506
11628.000000 1707.815674
11629.000000 1441.676758
11630.000000 1353.334839
11631.000000 1402.299927
11632.000000 1299.506958
11633.000000 1152.007935
11634.000000 977.049622
11635.000000 896.105286
11636.000000 907.621765
11637.000000 1016.661377
11638.000000 1083.990723
11639.000000 1059.061768
11640.000000 1040.381104
11641.000000 1008.835876
11642.000000 955.615417
11643.000000 1089.889160
11644.000000 1165.995483
11645.000000 1247.802368
11646.000000 1177.252686
11647.000000 1102.591797
11648.000000 1001.077148
11649.000000 953.694397
11650.000000 829.663818
11651.000000 866.532532
11652.000000 944.070435
11653.000000 1133.290161
11654.000000 900.667847
11655.000000 778.516724
11656.000000 861.328491
11657.000000 959.367920
11658.000000 1036.190918
11659.000000 1029.751099
11660.000000 1133.046143
11661.000000 1117.266357
11662.000000 1166.160889
11663.000000 1265.540527
11664.000000 1010.105591
11665.000000 1044.572998
11666.000000 1027.804810
11667.000000 1048.943970
11668.000000 1108.541138
11669.000000 890.781372
11670.000000 872.710999
11671.000000 886.617615
11672.000000 924.286011
11673.000000 1088.396973
11674.000000 1167.791748
11675.000000 1216.277100
11676.000000 1087.636719
11677.000000 1126.570801
11678.000000 1024.021118
11679.000000 1101.243042
11680.000000 1045.604126
11681.000000 1026.544312
11682.000000 977.355042
11683.000000 857.752441
11684.000000 843.247009
11685.000000 1012.162598
11686.000000 1020.354370
11687.000000 1004.007202
11688.000000 1118.486084
11689.000000 959.296570
11690.000000 1042.053589
11691.000000 1017.182068
11692.000000 882.612732
11693.000000 922.789551
11694.000000 987.276917
11695.000000 985.818176
11696.000000 943.391907
11697.000000 1074.338501
11698.000000 1223.729492
11699.000000 1100.831177
11700.000000 1072.082642
11701.000000 1089.169800
11702.000000 1137.839355
11703.000000 986.486572
11704.000000 951.848083
11705.000000 920.930298
11706.000000 922.143677
11707.000000 892.787659
11708.000000 960.587524
11709.000000 1016.556335
11710.000000 942.877808
11711.000000 882.844971
11712.000000 866.523193
11713.000000 813.915771
11714.000000 780.832764
11715.000000 906.398315
11716.000000 997.613892
11717.000000 1031.614868
11718.000000 1154.675171
11719.000000 1054.813477
11720.000000 933.271912
11721.000000 996.387878
11722.000000 1009.271240
11723.000000 1027.332153
11724.000000 1280.449463
11725.000000 1105.716064
11726.000000 902.180420
11727.000000 795.861145
11728.000000 821.037903
11729.000000 960.956299
11730.000000 897.457458
11731.000000 768.982971
11732.000000 726.399231
11733.000000 903.699829
11734.000000 992.067810
11735.000000 1012.640381
11736.000000 1033.245361
11737.000000 1040.926025
11738.000000 1026.312012
11739.000000 1046.504150
11740.000000 1039.188599
11741.000000 1011.750244
11742.000000 1074.688110
11743.000000 1142.119507
11744.000000 1108.896484
11745.000000 1040.995239
11746.000000 1079.042725
11747.000000 1137.588989
11748.000000 1051.550659
11749.000000 1027.049438
11750.000000 1052.281860
11751.000000 1272.430298
11752.000000 1191.296753
11753.000000 990.867737
11754.000000 972.431519
11755.000000 1061.661987
11756.000000 1250.596802
11757.000000 1395.036865
11758.000000 1437.108276
11759.000000 1269.383423
11760.000000 1090.753784
11761.000000 1047.006104
11762.000000 973.155029
11763.000000 1016.526123
11764.000000 1026.052368
11765.000000 1080.803833
11766.000000 1104.593262
11767.000000 1050.842529
11768.000000 1018.157593
11769.000000 1058.034790
11770.000000 1149.602051
11771.000000 1155.325928
11772.000000 1077.798218
11773.000000 1060.362549
11774.000000 1102.334961
11775.000000 1089.659180
11776.000000 1086.750610
11777.000000 1075.790039
11778.000000 1120.259399
11779.000000 1092.157349
11780.000000 1101.428345
11781.000000 994.022217
11782.000000 995.718201
11783.000000 1008.710083
11784.000000 943.897644
11785.000000 970.104004
11786.000000 1231.751465
11787.000000 1200.967896
11788.000000 1100.357544
11789.000000 1134.907349
11790.000000 1088.709717
11791.000000 1032.662842
11792.000000 889.002563
11793.000000 969.540405
11794.000000 1031.303955
11795.000000 1096.029663
11796.000000 1295.678101
11797.000000 1093.003784
11798.000000 1069.154053
11799.000000 1077.562866
11800.000000 936.629028
11801.000000 1040.071777
11802.000000 945.281311
11803.000000 1004.647339
11804.000000 1010.218201
11805.000000 1096.624756
11806.000000 1386.010498
11807.000000 1836.767578
11808.000000 3188.704346
11809.000000 5708.550293
11810.000000 9463.459961
11811.000000 13174.871094
11812.000000 15677.232422
11813.000000 16734.380859
11814.000000 15830.905273
11815.000000 13967.958008
11816.000000 11140.880859
11817.000000 8342.210938
11818.000000 6099.693359
11819.000000 4206.839844
11820.000000 2816.526855
11821.000000 2260.638672
11822.000000 1728.126831
11823.000000 1257.700195
11824.000000 1160.785645
11825.000000 1161.263672
11826.000000 1376.888916
11827.000000 1436.958740
11828.000000 1557.390381
11829.000000 1636.192261
11830.000000 1875.435181
11831.000000 1880.540527
11832.000000 1974.718140
11833.000000 2207.567383
11834.000000 2210.760010
11835.000000 2360.999756
11836.000000 2323.660400
11837.000000 2294.212646
11838.000000 2118.149658
11839.000000 1935.060059
11840.000000 1694.170776
11841.000000 1720.806274
11842.000000 1579.813354
11843.000000 1387.218872
11844.000000 1187.569214
11845.000000 1324.217163
11846.000000 1348.826904
11847.000000 1323.497070
11848.000000 1239.853516
11849.000000 1314.027222
11850.000000 1396.964233
11851.000000 1251.657471
11852.000000 1226.805786
11853.000000 1399.578735
11854.000000 1445.985840
11855.000000 1488.361694
11856.000000 1499.356323
11857.000000 1422.374512
11858.000000 1412.828369
11859.000000 1281.096924
11860.000000 1381.415283
11861.000000 1411.023804
11862.000000 1314.927002
11863.000000 1253.682739
11864.000000 1366.367432
11865.000000 1525.126953
11866.000000 1549.464111
11867.000000 1583.718384
11868.000000 1538.075317
11869.000000 1618.689575
11870.000000 1602.111694
11871.000000 1634.313721
11872.000000 1639.615234
11873.000000 1682.945190
11874.000000 1726.933960
11875.000000 1796.286255
11876.000000 1763.520020
11877.000000 1862.295654
11878.000000 1907.738892
11879.000000 1786.963745
11880.000000 1637.369629
11881.000000 1528.348145
11882.000000 1316.123047
11883.000000 1395.885376
11884.000000 1297.872803
11885.000000 1324.406860
11886.000000 1310.022583
11887.000000 1416.719971
11888.000000 1496.571289
11889.000000 1607.413696
11890.000000 1759.244995
11891.000000 1755.811768
11892.000000 1861.730713
11893.000000 1870.145752
11894.000000 1906.908203
11895.000000 1842.164795
11896.000000 1748.234131
11897.000000 1632.527100
11898.000000 1497.004883
11899.000000 1472.654297
11900.000000 1429.522705
11901.000000 1406.579590
11902.000000 1387.981812
11903.000000 1264.856567
11904.000000 1263.156616
11905.000000 1259.963867
11906.000000 1317.653931
11907.000000 1200.397827
11908.000000 1323.885376
11909.000000 1428.693237
11910.000000 1469.150146
11911.000000 1382.800537
11912.000000 1400.944946
11913.000000 1348.425781
11914.000000 1560.269287
11915.000000 1460.761963
11916.000000 1281.205078
11917.000000 1250.927002
11918.000000 1315.062744
11919.000000 1328.113037
11920.000000 1379.117432
11921.000000 1271.436523
11922.000000 1350.308960
11923.000000 1545.168213
11924.000000 1404.694214
11925.000000 1453.130127
11926.000000 1501.855957
11927.000000 1439.744141
11928.000000 1359.957886
11929.000000 1214.787231
11930.000000 1163.114502
11931.000000 1261.467773
11932.000000 1408.849365
11933.000000 1307.022705
11934.000000 1261.901123
11935.000000 1187.110352
11936.000000 1142.069458
11937.000000 1209.197388
11938.000000 1253.785156
11939.000000 1319.243286
11940.000000 1411.076782
11941.000000 1326.005859
11942.000000 1185.272095
11943.000000 1126.751587
11944.000000 1097.232422
11945.000000 1130.958740
11946.000000 1110.461060
11947.000000 1121.224854
11948.000000 1149.264282
11949.000000 1194.745361
11950.000000 1247.014404
11951.000000 1267.688843
11952.000000 1241.569458
11953.000000 1330.622925
11954.000000 1459.132080
11955.000000 1432.364746
11956.000000 1504.141479
11957.000000 1523.708740
11958.000000 1470.903076
11959.000000 1334.682129
11960.000000 1300.821655
11961.000000 1216.951294
11962.000000 1150.178345
11963.000000 1112.645264
11964.000000 1154.469238
11965.000000 1209.540283
11966.000000 1620.294434
11967.000000 1440.370728
11968.000000 1278.833130
11969.000000 1342.356567
11970.000000 1301.997192
11971.000000 1287.565308
11972.000000 1490.481812
11973.000000 1433.950684
11974.000000 1430.897217
11975.000000 1519.189209
11976.000000 1573.174072
11977.000000 1474.471558
11978.000000 1273.971558
11979.000000 1154.015259
11980.000000 1158.275757
11981.000000 1201.979736
11982.000000 1307.450195
11983.000000 1279.919434
11984.000000 1235.110962
11985.000000 1295.105713
11986.000000 1405.941284
11987.000000 1375.703003
11988.000000 1263.782959
11989.000000 1280.914673
11990.000000 1210.851685
11991.000000 1160.117310
11992.000000 1124.347656
11993.000000 1167.763794
11994.000000 1145.103149
11995.000000 1124.520752
11996.000000 1198.196655
11997.000000 1196.415649
11998.000000 1288.747803
11999.000000 1261.114380
12000.000000 1277.835205
12001.000000 1140.540161
12002.000000 1093.592285
12003.000000 1202.640869
12004.000000 1288.826538
12005.000000 1272.966675
12006.000000 1215.087646
12007.000000 1137.661743
12008.000000 1085.051147
12009.000000 1167.166382
12010.000000 1194.817139
12011.000000 1095.655884
12012.000000 1082.045410
12013.000000 1151.994873
12014.000000 1150.505493
12015.000000 1082.699829
12016.000000 1043.983276
12017.000000 1034.564087
12018.000000 1104.734253
12019.000000 1023.135071
12020.000000 1022.797485
12021.000000 1087.111816
12022.000000 1256.734497
12023.000000 1240.590454
12024.000000 1163.884033
12025.000000 1060.166138
12026.000000 1115.795532
12027.000000 1118.983398
12028.000000 1118.998657
12029.000000 1141.401978
12030.000000 1160.390869
12031.000000 1192.637451
12032.000000 1214.547485
12033.000000 1117.374268
12034.000000 1098.672363
12035.000000 1097.189209
12036.000000 1092.319702
12037.000000 1123.077393
12038.000000 1148.052979
12039.000000 1199.671631
12040.000000 1129.533447
12041.000000 1141.520752
12042.000000 1264.757690
12043.000000 1249.012573
12044.000000 1108.893555
12045.000000 1060.921875
12046.000000 1053.509277
12047.000000 1031.229980
12048.000000 1068.316040
12049.000000 1146.752686
12050.000000 1123.326660
12051.000000 1018.030151
12052.000000 1058.183716
12053.000000 1161.713013
12054.000000 1156.748413
12055.000000 1158.939697
12056.000000 1122.892456
12057.000000 1079.681519
12058.000000 1163.055542
12059.000000 1200.507568
12060.000000 1088.224243
12061.000000 1064.778076
12062.000000 1109.295776
12063.000000 1020.402039
12064.000000 1030.743896
12065.000000 1134.985718
12066.000000 1144.627808
12067.000000 1021.287537
12068.000000 1025.625977
12069.000000 1105.847534
12070.000000 1161.656128
12071.000000 1207.556030
12072.000000 1133.644653
12073.000000 1019.841003
12074.000000 1051.240845
12075.000000 1231.427734
12076.000000 1265.428345
12077.000000 1185.753052
12078.000000 1171.013794
12079.000000 1160.119873
12080.000000 1196.371338
12081.000000 1237.243042
12082.000000 1122.101440
12083.000000 1178.781738
12084.000000 1144.109253
12085.000000 1049.043945
12086.000000 1127.655640
12087.000000 1146.033081
12088.000000 1225.973999
12089.000000 1214.135986
12090.000000 1170.770630
12091.000000 1127.679199
12092.000000 1176.398193
12093.000000 1233.753052
12094.000000 1317.771729
12095.000000 1306.388794
12096.000000 1217.884521
12097.000000 1117.295288
12098.000000 1111.854370
12099.000000 1137.700439
12100.000000 1163.659912
12101.000000 1224.275391
12102.000000 1262.753662
12103.000000 1171.669800
12104.000000 1056.022827
12105.000000 1052.844116
12106.000000 1083.921753
12107.000000 1076.685669
12108.000000 1169.025513
12109.000000 1254.666504
12110.000000 1163.170410
12111.000000 1081.066040
12112.000000 1016.632690
12113.000000 1023.346924
12114.000000 970.403564
12115.000000 1122.258301
12116.000000 1167.704590
12117.000000 1329.514404
12118.000000 1355.958496
12119.000000 1398.311523
12120.000000 1258.555420
12121.000000 1109.154663
12122.000000 1148.521118
12123.000000 1068.770996
12124.000000 1019.909485
12125.000000 1126.997925
12126.000000 1144.131348
12127.000000 1065.846313
12128.000000 1104.090454
12129.000000 1115.083740
12130.000000 1097.229736
12131.000000 1078.371582
12132.000000 1051.055786
12133.000000 1244.093750
12134.000000 1398.114258
12135.000000 1562.343018
12136.000000 1701.309326
12137.000000 1849.433228
12138.000000 1823.502686
12139.000000 1714.826782
12140.000000 1537.029541
12141.000000 1489.491089
12142.000000 1423.694824
12143.000000 1367.129639
12144.000000 1120.951172
12145.000000 1022.841553
12146.000000 1207.934814
12147.000000 1278.091309
12148.000000 1170.436035
12149.000000 1146.859863
12150.000000 1061.247803
12151.000000 1043.045898
12152.000000 1006.356689
12153.000000 1021.409241
12154.000000 1092.191650
12155.000000 1083.806641
12156.000000 1105.018188
12157.000000 1111.388428
12158.000000 1109.145874
12159.000000 1020.347107
12160.000000 1124.634033
12161.000000 1075.347900
12162.000000 975.388062
12163.000000 1043.927002
12164.000000 1102.960571
12165.000000 1231.806519
12166.000000 1274.156738
12167.000000 1249.383911
12168.000000 1009.650452
12169.000000 987.886780
12170.000000 983.504578
12171.000000 974.880554
12172.000000 1024.093872
12173.000000 1073.198486
12174.000000 1083.154907
12175.000000 1159.427734
12176.000000 1142.038696
12177.000000 1166.760742
12178.000000 1252.794556
12179.000000 1281.866211
12180.000000 1165.356689
12181.000000 1138.360474
12182.000000 1054.554565
12183.000000 1044.044800
12184.000000 1063.299805
12185.000000 1203.225342
12186.000000 1181.077271
12187.000000 1151.474365
12188.000000 1145.246094
12189.000000 1104.170532
12190.000000 1129.247192
12191.000000 1144.886597
12192.000000 1173.947266
12193.000000 1153.441650
12194.000000 1099.985474
12195.000000 1031.675049
12196.000000 1041.793579
12197.000000 1142.157104
12198.000000 1107.165161
12199.000000 1219.270508
12200.000000 1318.030151
12201.000000 1380.188232
12202.000000 1310.630615
12203.000000 1352.690063
12204.000000 1288.903198
12205.000000 1293.022827
12206.000000 1160.571411
12207.000000 1139.212280
12208.000000 1132.274170
12209.000000 1155.380127
12210.000000 1048.150146
12211.000000 994.357849
12212.000000 964.118713
12213.000000 1023.228516
12214.000000 1259.000854
12215.000000 1169.050293
12216.000000 972.109131
12217.000000 949.484314
12218.000000 1061.123291
12219.000000 1161.549805
12220.000000 1229.710449
12221.000000 1205.235229
12222.000000 1121.055298
12223.000000 1144.570435
12224.000000 1122.918945
12225.000000 1017.792297
12226.000000 996.525085
12227.000000 979.539063
12228.000000 1127.071289
12229.000000 1215.429810
12230.000000 1041.263672
12231.000000 947.004761
12232.000000 994.705688
12233.000000 986.161194
12234.000000 1023.759521
12235.000000 964.164429
12236.000000 1022.519409
12237.000000 1228.280640
12238.000000 1342.245972
12239.000000 1208.880371
12240.000000 1022.124451
12241.000000 989.178772
12242.000000 1010.273560
12243.000000 1016.818665
12244.000000 987.919067
12245.000000 1060.362671
12246.000000 1090.700195
12247.000000 1077.254761
12248.000000 1072.072266
12249.000000 1125.847046
12250.000000 1116.145264
12251.000000 1237.459961
12252.000000 1246.834595
12253.000000 1248.763550
12254.000000 1197.375610
12255.000000 1081.465820
12256.000000 1122.841431
12257.000000 1153.348267
12258.000000 1239.707031
12259.000000 1197.718018
12260.000000 1106.124756
12261.000000 1100.947266
12262.000000 1244.331909
12263.000000 1230.559082
12264.000000 1188.830811
12265.000000 1125.098633
12266.000000 1011.913940
12267.000000 988.880798
12268.000000 1043.723511
12269.000000 1167.393799
12270.000000 1202.379150
12271.000000 1157.959351
12272.000000 1094.530151
12273.000000 1100.543823
12274.000000 1132.690918
12275.000000 1162.651611
12276.000000 1117.028076
12277.000000 1080.575439
12278.000000 1144.726440
12279.000000 1080.447998
12280.000000 1025.963989
12281.000000 1058.630615
12282.000000 1035.632935
12283.000000 1094.520508
12284.000000 1077.234863
12285.000000 1046.378174
12286.000000 1045.238647
12287.000000 972.722107
12288.000000 888.279663
12289.000000 940.995789
12290.000000 1074.229248
12291.000000 1154.688232
12292.000000 1247.606079
12293.000000 1390.502075
12294.000000 1414.815308
12295.000000 1468.116699
12296.000000 1494.770996
12297.000000 1585.044922
12298.000000 1533.818115
12299.000000 1312.033691
12300.000000 1155.185913
12301.000000 1039.015991
12302.000000 1045.134521
12303.000000 980.912842
12304.000000 972.013794
12305.000000 1023.917786
12306.000000 1104.250854
12307.000000 986.572937
12308.000000 1044.641479
12309.000000 1101.028320
12310.000000 1104.253540
12311.000000 1062.187866
12312.000000 962.053406
12313.000000 942.170471
12314.000000 959.810913
12315.000000 960.943909
12316.000000 942.499451
12317.000000 999.669800
12318.000000 1091.915405
12319.000000 1075.555664
12320.000000 1060.521851
12321.000000 1025.807007
12322.000000 1060.938232
12323.000000 1092.450317
12324.000000 1011.990906
12325.000000 991.886230
12326.000000 1032.726440
12327.000000 1031.276489
12328.000000 1045.042725
12329.000000 1055.925171
12330.000000 967.420776
12331.000000 950.806396
12332.000000 990.493774
12333.000000 1147.102295
12334.000000 1356.644409
12335.000000 1594.935059
12336.000000 1798.247559
12337.000000 2078.931152
12338.000000 2276.595947
12339.000000 2288.190918
12340.000000 2184.454834
12341.000000 1963.177368
12342.000000 1787.564453
12343.000000 1542.098022
12344.000000 1421.776855
12345.000000 1288.036377
12346.000000 1266.131348
12347.000000 1269.995850
12348.000000 1207.149536
12349.000000 1065.481934
12350.000000 1099.887451
12351.000000 1105.919678
12352.000000 1085.946655
12353.000000 1094.314087
12354.000000 1077.237549
12355.000000 1055.072632
12356.000000 1063.869751
12357.000000 1067.520020
12358.000000 1065.767944
12359.000000 1060.274414
12360.000000 1087.763306
12361.000000 1046.094604
12362.000000 1048.505493
12363.000000 1111.954102
12364.000000 1078.098633
12365.000000 1157.598633
12366.000000 1050.486694
12367.000000 1061.900146
12368.000000 1082.880493
12369.000000 985.447632
12370.000000 947.191772
12371.000000 921.455139
12372.000000 924.123535
12373.000000 1049.598755
12374.000000 1131.619995
12375.000000 1249.967285
12376.000000 1524.191528
12377.000000 2198.995605
12378.000000 2791.318359
12379.000000 3454.176025
12380.000000 3763.176758
12381.000000 3886.983398
12382.000000 3731.600342
12383.000000 3159.828613
12384.000000 2746.637207
12385.000000 2204.750000
12386.000000 1808.110718
12387.000000 1472.660889
12388.000000 1294.100098
12389.000000 1163.397949
12390.000000 1084.851196
12391.000000 984.787109
12392.000000 954.134521
12393.000000 924.172791
12394.000000 1022.430664
12395.000000 1106.907959
12396.000000 1065.682739
12397.000000 1033.211304
12398.000000 1086.969727
12399.000000 1037.317505
12400.000000 1095.978882
12401.000000 1193.113403
12402.000000 1137.981323
12403.000000 1111.254761
12404.000000 1035.261719
12405.000000 1023.816589
12406.000000 1094.428589
12407.000000 1057.806274
12408.000000 1061.119141
12409.000000 1060.361938
12410.000000 1092.575317
12411.000000 1253.668823
12412.000000 1422.375854
12413.000000 1178.816895
12414.000000 1177.663940
12415.000000 1105.866821
12416.000000 1123.963989
12417.000000 1223.767456
12418.000000 1357.584839
12419.000000 1234.636475
12420.000000 1126.078979
12421.000000 1006.319275
12422.000000 994.658691
12423.000000 1118.713379
12424.000000 1083.678101
12425.000000 1008.787354
12426.000000 1112.943970
12427.000000 1210.783081
12428.000000 1033.406006
12429.000000 964.175293
12430.000000 1066.085693
12431.000000 1030.637939
12432.000000 936.816528
12433.000000 920.186584
12434.000000 924.195435
12435.000000 901.833435
12436.000000 932.865173
12437.000000 1001.453918
12438.000000 1023.436890
12439.000000 1036.544922
12440.000000 1106.059570
12441.000000 1017.054871
12442.000000 1132.518677
12443.000000 1090.921021
12444.000000 1137.014404
12445.000000 1155.772705
12446.000000 1105.079590
12447.000000 1055.597412
12448.000000 992.727844
12449.000000 1014.315063
12450.000000 979.559814
12451.000000 946.252930
12452.000000 903.172607
12453.000000 881.594238
12454.000000 890.546509
12455.000000 922.978882
12456.000000 854.573730
12457.000000 894.246704
12458.000000 968.219299
12459.000000 957.895996
12460.000000 936.828857
12461.000000 917.382751
12462.000000 907.559509
12463.000000 969.254089
12464.000000 906.797852
12465.000000 973.249329
12466.000000 995.069336
12467.000000 940.462280
12468.000000 889.885315
12469.000000 859.539307
12470.000000 839.952820
12471.000000 951.204041
12472.000000 1045.231445
12473.000000 1160.373169
12474.000000 1145.966553
12475.000000 855.911865
12476.000000 919.307190
12477.000000 1023.003235
12478.000000 1062.279419
12479.000000 1205.923706
12480.000000 1027.515991
12481.000000 922.553284
12482.000000 914.200745
12483.000000 872.442383
12484.000000 892.594421
12485.000000 950.735474
12486.000000 1021.704773
12487.000000 1034.743896
12488.000000 995.780396
12489.000000 1012.407532
12490.000000 1060.544678
12491.000000 1078.722534
12492.000000 1029.627808
12493.000000 965.729614
12494.000000 998.288818
12495.000000 967.188721
12496.000000 796.188232
12497.000000 784.869873
12498.000000 852.206299
12499.000000 935.144653
12500.000000 943.831970
12501.000000 876.353394
12502.000000 950.066956
12503.000000 918.081482
12504.000000 913.984985
12505.000000 903.675049
12506.000000 889.999695
12507.000000 886.110657
12508.000000 956.439270
12509.000000 1005.637878
12510.000000 957.460632
12511.000000 919.323547
12512.000000 903.490173
12513.000000 964.968079
12514.000000 1007.492615
12515.000000 914.558472
12516.000000 942.439026
12517.000000 1079.232544
12518.000000 1014.364807
12519.000000 879.226013
12520.000000 870.256348
12521.000000 885.082336
12522.000000 904.098267
12523.000000 847.425110
12524.000000 844.535645
12525.000000 950.533630
12526.000000 1039.315430
12527.000000 1031.005493
12528.000000 925.228333
12529.000000 928.240967
12530.000000 922.085449
12531.000000 939.870789
12532.000000 839.794617
12533.000000 851.432678
12534.000000 890.614929
12535.000000 1047.086670
12536.000000 902.278809
12537.000000 972.330322
12538.000000 1017.009033
12539.000000 942.250488
12540.000000 850.996338
12541.000000 867.073059
12542.000000 919.915894
12543.000000 1009.179932
12544.000000 953.139343
12545.000000 1017.357239
12546.000000 994.024963
12547.000000 846.332764
12548.000000 957.570007
12549.000000 932.052368
12550.000000 1029.801270
12551.000000 1021.271118
12552.000000 938.502686
12553.000000 1047.077515
12554.000000 1000.628174
12555.000000 1030.689453
12556.000000 1016.134338
12557.000000 995.209290
12558.000000 922.061707
12559.000000 911.216125
12560.000000 899.365906
12561.000000 911.988708
12562.000000 961.339600
12563.000000 950.763977
12564.000000 892.501038
12565.000000 789.559448
12566.000000 825.960632
12567.000000 872.874512
12568.000000 870.869324
12569.000000 957.801147
12570.000000 1021.365906
12571.000000 1041.122437
12572.000000 872.117188
12573.000000 854.588867
12574.000000 809.627625
12575.000000 823.717102
12576.000000 757.933899
12577.000000 829.081604
12578.000000 794.874329
12579.000000 806.334839
12580.000000 829.159058
12581.000000 849.950134
12582.000000 835.473328
12583.000000 986.236877
12584.000000 880.711914
12585.000000 783.907593
12586.000000 815.356628
12587.000000 804.982239
12588.000000 766.086853
12589.000000 821.451965
12590.000000 725.051758
12591.000000 763.043823
12592.000000 844.670837
12593.000000 912.370300
12594.000000 899.219238
12595.000000 821.698914
12596.000000 779.753906
12597.000000 888.025269
12598.000000 1077.637939
12599.000000 1013.609314
12600.000000 826.913086
12601.000000 708.790405
12602.000000 772.046997
12603.000000 945.407776
12604.000000 909.212585
12605.000000 876.524841
12606.000000 863.963562
12607.000000 808.503052
12608.000000 832.128906
12609.000000 928.797546
12610.000000 813.126709
12611.000000 938.702393
12612.000000 941.977173
12613.000000 848.173279
12614.000000 922.175720
12615.000000 930.974915
12616.000000 872.762024
12617.000000 819.707336
12618.000000 804.518372
12619.000000 845.814819
12620.000000 928.194214
12621.000000 1051.739624
12622.000000 1071.629150
12623.000000 971.600159
12624.000000 915.508301
12625.000000 1025.051636
12626.000000 1025.230713
12627.000000 968.411682
12628.000000 975.657043
12629.000000 862.646240
12630.000000 872.318115
12631.000000 820.660339
12632.000000 842.386292
12633.000000 1072.885620
12634.000000 1132.299316
12635.000000 1039.572632
12636.000000 912.325562
12637.000000 942.457703
12638.000000 981.673218
12639.000000 971.763550
12640.000000 993.177368
12641.000000 973.964661
12642.000000 973.196594
12643.000000 924.400635
12644.000000 896.252625
12645.000000 869.130188
12646.000000 923.285095
12647.000000 976.232422
12648.000000 990.824158
12649.000000 921.501282
12650.000000 841.151794
12651.000000 815.819519
12652.000000 949.587097
12653.000000 967.546326
12654.000000 1014.221375
12655.000000 843.670654
12656.000000 770.531006
12657.000000 776.727722
12658.000000 904.047058
12659.000000 952.056946
12660.000000 812.037781
12661.000000 833.979065
12662.000000 748.348450
12663.000000 695.478027
12664.000000 766.874512
12665.000000 862.556702
12666.000000 864.540283
12667.000000 956.467102
12668.000000 1084.968384
12669.000000 1046.271362
12670.000000 1105.554810
12671.000000 1092.887329
12672.000000 958.487976
12673.000000 829.044861
12674.000000 792.546082
12675.000000 815.322449
12676.000000 793.320862
12677.000000 813.951416
12678.000000 885.906982
12679.000000 1001.178162
12680.000000 1014.398315
12681.000000 1077.348145
12682.000000 1062.346313
12683.000000 1113.855835
12684.000000 935.910767
12685.000000 935.964600
12686.000000 960.537476
12687.000000 1016.047424
12688.000000 945.064209
12689.000000 1062.200439
12690.000000 1178.711182
12691.000000 1336.973633
12692.000000 1494.556763
12693.000000 1771.678345
12694.000000 1921.897217
12695.000000 1901.957764
12696.000000 1785.176025
12697.000000 1615.601929
12698.000000 1473.060547
12699.000000 1279.342163
12700.000000 1092.443848
12701.000000 832.433044
12702.000000 763.943115
12703.000000 764.004578
12704.000000 744.623962
12705.000000 721.317566
12706.000000 782.806580
12707.000000 1014.280273
12708.000000 1142.809204
12709.000000 1489.189331
12710.000000 1790.302002
12711.000000 1927.476074
12712.000000 1905.013184
12713.000000 1801.225708
12714.000000 1647.096680
12715.000000 1424.473145
12716.000000 1138.697144
12717.000000 910.786926
12718.000000 788.613770
12719.000000 752.338684
12720.000000 937.421875
12721.000000 2013.385254
12722.000000 5297.029785
12723.000000 12242.376953
12724.000000 22552.265625
12725.000000 34962.835938
12726.000000 46089.308594
12727.000000 53075.988281
12728.000000 54966.355469
12729.000000 52134.000000
12730.000000 44925.125000
12731.000000 36244.378906
12732.000000 27411.880859
12733.000000 19733.570313
12734.000000 13397.614258
12735.000000 8611.571289
12736.000000 5508.690918
12737.000000 3635.921143
12738.000000 2808.975342
12739.000000 2550.673828
12740.000000 2615.172607
12741.000000 3311.470459
12742.000000 3979.501465
12743.000000 4277.459473
12744.000000 4328.052734
12745.000000 3943.815674
12746.000000 3694.484375
12747.000000 3341.218994
12748.000000 2816.649658
12749.000000 2296.882568
12750.000000 1979.511353
12751.000000 1651.929443
12752.000000 1484.273438
12753.000000 1271.853760
12754.000000 1071.511475
12755.000000 1008.886780
12756.000000 1064.785278
12757.000000 1284.401855
12758.000000 1514.983276
12759.000000 1661.643433
12760.000000 1734.579834
12761.000000 1717.608032
12762.000000 1937.344971
12763.000000 2161.771240
12764.000000 2144.609131
12765.000000 2180.165283
12766.000000 2004.470581
12767.000000 1923.622070
12768.000000 1645.679199
12769.000000 1587.130005
12770.000000 1543.059326
12771.000000 1541.385010
12772.000000 1350.891846
12773.000000 1420.328247
12774.000000 1539.369141
12775.000000 1596.552490
12776.000000 1554.371582
12777.000000 1745.237915
12778.000000 2068.787109
12779.000000 2222.089600
12780.000000 2573.252441
12781.000000 2851.327881
12782.000000 2943.268311
12783.000000 2948.687256
12784.000000 2960.575684
12785.000000 3075.481445
12786.000000 3132.070068
12787.000000 3164.316406
12788.000000 3361.263428
12789.000000 3446.945801
12790.000000 3608.269531
12791.000000 3562.477783
12792.000000 3221.850830
12793.000000 2860.043213
12794.000000 2444.607910
12795.000000 2047.596680
12796.000000 1725.923218
12797.000000 1519.192627
12798.000000 1321.876099
12799.000000 1122.704590
12800.000000 938.949036
12801.000000 895.986511
12802.000000 917.109741
12803.000000 1010.020996
12804.000000 1084.677124
12805.000000 1115.144409
12806.000000 1277.661499
12807.000000 1380.068848
12808.000000 1490.849487
12809.000000 1574.338745
12810.000000 1432.718018
12811.000000 1328.773682
12812.000000 1236.942627
12813.000000 1195.704224
12814.000000 1171.450439
12815.000000 1090.619019
12816.000000 1158.079712
12817.000000 1153.288330
12818.000000 932.683533
12819.000000 900.169189
12820.000000 884.368652
12821.000000 981.681213
12822.000000 1117.290527
12823.000000 1198.362061
12824.000000 1259.900879
12825.000000 1228.765747
12826.000000 1232.936523
12827.000000 1169.572998
12828.000000 1215.934937
12829.000000 1218.430908
12830.000000 1293.561157
12831.000000 1362.333130
12832.000000 1245.517944
12833.000000 1263.056396
12834.000000 1290.652710
12835.000000 1357.145508
12836.000000 1393.887817
12837.000000 1355.325684
12838.000000 1434.179810
12839.000000 1386.677734
12840.000000 1334.415039
12841.000000 1343.827881
12842.000000 1274.969360
12843.000000 1278.992920
12844.000000 1238.908447
12845.000000 1190.408691
12846.000000 1297.601318
12847.000000 1205.187500
12848.000000 1006.705872
12849.000000 1004.688599
12850.000000 1107.399048
12851.000000 966.061035
12852.000000 966.829590
12853.000000 923.312378
12854.000000 918.841858
12855.000000 990.999573
12856.000000 960.946899
12857.000000 1042.404297
12858.000000 1013.114868
12859.000000 986.791748
12860.000000 977.121948
12861.000000 974.093201
12862.000000 981.188843
12863.000000 1009.119873
12864.000000 994.824463
12865.000000 909.624268
12866.000000 976.289551
12867.000000 1094.706177
12868.000000 1181.621216
12869.000000 1200.336060
12870.000000 1154.065918
12871.000000 1019.235107
12872.000000 928.358215
12873.000000 938.965454
12874.000000 1012.823914
12875.000000 1042.247437
12876.000000 980.684570
12877.000000 997.836426
12878.000000 1116.022705
12879.000000 986.912842
12880.000000 880.432678
12881.000000 1008.332397
12882.000000 1189.763306
12883.000000 1040.182129
12884.000000 1126.293701
12885.000000 1256.767456
12886.000000 1319.555054
12887.000000 1132.631714
12888.000000 1115.138916
12889.000000 1080.177856
12890.000000 914.427979
12891.000000 849.150574
12892.000000 876.592407
12893.000000 845.968628
12894.000000 805.607056
12895.000000 885.196228
12896.000000 804.524719
12897.000000 797.732361
12898.000000 870.855042
12899.000000 868.432007
12900.000000 1063.706543
12901.000000 947.156616
12902.000000 883.346924
12903.000000 812.663147
12904.000000 896.720215
12905.000000 976.067749
12906.000000 1004.571045
12907.000000 907.696289
12908.000000 886.321899
12909.000000 808.215576
12910.000000 848.102661
12911.000000 774.964417
12912.000000 817.387268
12913.000000 923.790405
12914.000000 962.697571
12915.000000 887.469421
12916.000000 853.071411
12917.000000 882.084290
12918.000000 941.116943
12919.000000 936.703857
12920.000000 872.519897
12921.000000 855.456909
12922.000000 877.590576
12923.000000 910.148315
12924.000000 874.939697
12925.000000 891.972107
12926.000000 874.505859
12927.000000 799.486023
12928.000000 831.460632
12929.000000 852.992859
12930.000000 839.896423
12931.000000 728.628601
12932.000000 700.786865
12933.000000 746.633545
12934.000000 822.009583
12935.000000 784.278503
12936.000000 790.531006
12937.000000 753.072632
12938.000000 713.815552
12939.000000 690.931335
12940.000000 801.326660
12941.000000 906.104736
12942.000000 803.495239
12943.000000 754.246399
12944.000000 809.205200
12945.000000 857.054688
12946.000000 764.998779
12947.000000 664.681824
12948.000000 691.432983
12949.000000 741.715881
12950.000000 754.060974
12951.000000 758.372131
12952.000000 737.990356
12953.000000 700.881226
12954.000000 656.306702
12955.000000 766.141296
12956.000000 704.865234
12957.000000 784.267334
12958.000000 886.370300
12959.000000 805.972229
12960.000000 802.268860
12961.000000 828.803467
12962.000000 893.595093
12963.000000 816.790344
12964.000000 815.280457
12965.000000 782.712952
12966.000000 864.974304
12967.000000 861.558472
12968.000000 825.816956
12969.000000 843.388123
12970.000000 704.769775
12971.000000 736.708313
12972.000000 822.414856
12973.000000 897.374695
12974.000000 746.983215
12975.000000 797.497131
12976.000000 855.928589
12977.000000 877.427551
12978.000000 799.979736
12979.000000 744.886902
12980.000000 802.741516
12981.000000 710.612732
12982.000000 707.027527
12983.000000 737.224182
12984.000000 684.753967
12985.000000 697.292725
12986.000000 728.661743
12987.000000 676.722900
12988.000000 798.152283
12989.000000 929.499756
12990.000000 918.294678
12991.000000 958.087280
12992.000000 955.253357
12993.000000 967.650452
12994.000000 1024.979736
12995.000000 1024.491577
12996.000000 1004.138977
12997.000000 961.663513
12998.000000 878.117188
12999.000000 836.008850
13000.000000 634.287292
13001.000000 676.414612
13002.000000 719.714111
13003.000000 752.282410
13004.000000 810.821167
13005.000000 773.686401
13006.000000 750.065796
13007.000000 766.567871
13008.000000 758.515076
13009.000000 716.651367
13010.000000 752.709473
13011.000000 882.674072
13012.000000 902.653625
13013.000000 800.715271
13014.000000 660.435303
13015.000000 697.206787
13016.000000 664.778625
13017.000000 696.020935
13018.000000 821.278137
13019.000000 769.341248
13020.000000 823.675781
13021.000000 866.875366
13022.000000 701.953430
13023.000000 722.876160
13024.000000 687.420532
13025.000000 720.139038
13026.000000 777.382324
13027.000000 691.979309
13028.000000 612.735046
13029.000000 744.332214
13030.000000 832.448975
13031.000000 863.557251
13032.000000 743.031433
13033.000000 696.711731
13034.000000 785.729858
13035.000000 871.766357
13036.000000 898.208313
13037.000000 1162.866211
13038.000000 1476.772339
13039.000000 1824.260498
13040.000000 1981.913696
13041.000000 1946.794922
13042.000000 1827.953491
13043.000000 1627.984009
13044.000000 1487.347778
13045.000000 1417.942261
13046.000000 1295.538086
13047.000000 1000.437622
13048.000000 950.672546
13049.000000 893.037781
13050.000000 735.940125
13051.000000 636.040405
13052.000000 690.988525
13053.000000 702.104492
13054.000000 787.349792
13055.000000 872.902710
13056.000000 878.600586
13057.000000 805.150024
13058.000000 802.315674
13059.000000 674.507019
13060.000000 669.786499
13061.000000 625.363586
13062.000000 570.179016
13063.000000 606.941956
13064.000000 627.091309
13065.000000 577.127136
13066.000000 586.551453
13067.000000 612.489075
13068.000000 629.749023
13069.000000 643.929932
13070.000000 592.729065
13071.000000 625.320374
13072.000000 848.418823
13073.000000 701.762878
13074.000000 605.073730
13075.000000 532.879150
13076.000000 577.844543
13077.000000 610.472290
13078.000000 646.777100
13079.000000 614.496643
13080.000000 573.867554
13081.000000 549.378601
13082.000000 519.964722
13083.000000 514.049988
13084.000000 549.751770
13085.000000 590.789795
13086.000000 645.835999
13087.000000 856.759155
13088.000000 694.561829
13089.000000 567.321594
13090.000000 511.904907
13091.000000 544.822571
13092.000000 578.667419
13093.000000 544.775146
13094.000000 515.295715
13095.000000 490.057159
13096.000000 471.434235
13097.000000 509.850433
13098.000000 613.973999
13099.000000 638.526672
13100.000000 615.140869
13101.000000 727.353271
13102.000000 894.004944
13103.000000 798.687500
13104.000000 795.058716
13105.000000 634.034912
13106.000000 542.123230
13107.000000 599.395630
13108.000000 622.572266
13109.000000 589.147400
13110.000000 576.426758
13111.000000 564.217651
13112.000000 520.066833
13113.000000 536.381470
13114.000000 565.473267
13115.000000 715.089111
13116.000000 735.216736
13117.000000 712.423279
13118.000000 723.813904
13119.000000 740.229919
13120.000000 782.776855
13121.000000 865.757629
13122.000000 776.382629
13123.000000 802.313293
13124.000000 665.119873
13125.000000 619.122620
13126.000000 581.020935
13127.000000 634.583191
13128.000000 523.171936
13129.000000 516.848938
13130.000000 652.852234
13131.000000 609.667542
13132.000000 524.721619
13133.000000 520.437195
13134.000000 619.810425
13135.000000 570.769470
13136.000000 532.506287
13137.000000 498.210815
13138.000000 628.280273
13139.000000 584.184692
13140.000000 590.867615
13141.000000 585.248779
13142.000000 640.750671
13143.000000 589.134460
13144.000000 513.175354
13145.000000 515.584473
13146.000000 548.989380
13147.000000 544.223572
13148.000000 493.538635
13149.000000 486.767609
13150.000000 558.204163
13151.000000 553.658386
13152.000000 440.848206
13153.000000 447.095459
13154.000000 514.080872
13155.000000 530.697510
13156.000000 554.422546
13157.000000 559.930115
13158.000000 537.559143
13159.000000 450.627258
13160.000000 386.922028
13161.000000 422.788635
13162.000000 503.548096
13163.000000 441.675568
13164.000000 457.636230
13165.000000 569.551392
13166.000000 529.832153
13167.000000 482.482300
13168.000000 496.822052
13169.000000 469.033875
13170.000000 474.219269
13171.000000 465.813385
13172.000000 478.342987
13173.000000 516.337158
13174.000000 594.343018
13175.000000 563.640808
13176.000000 412.482574
13177.000000 420.249847
13178.000000 410.336304
13179.000000 440.431274
13180.000000 436.693054
13181.000000 496.195313
13182.000000 557.065369
13183.000000 548.846924
13184.000000 512.588440
13185.000000 480.407715
13186.000000 506.829254
13187.000000 548.454834
13188.000000 506.812622
13189.000000 448.966980
13190.000000 445.852386
13191.000000 513.626221
13192.000000 523.953186
13193.000000 585.487061
13194.000000 524.066711
13195.000000 412.622040
13196.000000 472.577179
13197.000000 671.238708
13198.000000 656.179382
13199.000000 581.958923
13200.000000 232.428268
13201.000000 0.000000
