0.000000 0.000000 0.000000 0.000000 9.724447 941.461063 1971.865938 623.166153 1466.764296 525.836563 870.171256 14982.760403 765.154424 679.838206 183.319904 55.424364 34.822894 19.189312 54.981818 20.132500
0.000000 0.000000 0.000000 0.000000 19.067104 398.695297 526.016679 426.900165 578.685570 797.292322 908.062757 3256.478863 535.265667 385.682615 55.369824 11.441141 10.579675 10.711419 31.863473 190.720688
0.000000 0.000000 0.000000 0.000000 10.828070 236.671047 318.715650 1081.250829 589.114010 706.895130 738.542041 1063.262810 884.846683 452.085660 223.866335 183.814527 46.242807 681.860499 17.773001 82.324847
0.000000 0.000000 0.000000 0.000000 16.632023 129.956046 476.350573 852.437882 395.327145 540.518895 865.382320 833.790495 8979.123319 430.025613 600.634097 177.752027 28.080749 47.547664 47.181716 1472.566908
0.000000 0.000000 0.000000 0.000000 15.049022 44.223294 290.813920 739.956024 900.012379 2334.349287 845.540285 744.986420 2687.047632 512.704058 44.337410 107.438769 75.897644 69.052229 31.169702 72.382689
0.000000 0.000000 0.000000 0.000000 10.858704 57.469930 284.157949 6264.312576 965.884647 1722.819378 864.770856 440.889979 286.024918 13.149320 24.725603 104.731567 66.358674 69.298089 37.739619 60.101864
0.000000 0.000000 0.000000 0.000000 5.532423 38.943050 5598.873627 900.421764 1546.865143 924.649302 1380.977194 1015.601959 770.312363 1087.453630 81.305918 19.579350 18.465871 28.970364 48.720531 38.461094
0.000000 0.000000 0.000000 0.000000 10.895265 55.180244 1202.596998 688.872656 1245.864913 1003.021860 861.419533 1225.541603 685.875759 1355.686873 263.735537 98.417405 48.054468 28.819651 84.275424 39.276443
0.000000 0.000000 0.000000 0.000000 12.412542 47.586313 1111.276662 740.695775 1383.782047 1309.099091 1045.939491 493.870390 598.239410 267.400988 80.267103 126.412822 16.412612 43.061618 55.139139 33.762285
0.000000 0.000000 0.000000 0.000000 7.414862 54.804744 677.962534 980.076307 1167.821946 854.059601 1314.291244 1305.496916 608.038312 162.850913 105.000031 90.058308 19.154494 17.609821 35.223068 33.352273
0.000000 0.000000 0.000000 0.000000 12.780067 55.336157 689.500270 815.255484 9828.926078 1343.199026 1128.355038 1155.845699 617.876557 663.925913 315.216264 14.557283 16.350726 107.205715 73.170021 50.749519
0.000000 0.000000 0.000000 0.000000 12.407247 37.762774 527.947474 817.125712 2318.632981 1347.733207 1162.179201 892.574436 678.668012 180.549131 213.158727 6.200228 12.675615 16.418230 48.275723 78.570403
0.000000 0.000000 0.000000 0.000000 20.798272 16.634017 155.137712 1320.521669 1293.924273 1090.929466 1456.625358 718.750373 966.839535 234.853770 673.087320 285.932828 141.866726 62.804736 50.123967 60.892133
0.000000 0.000000 0.000000 0.000000 39.847800 32.484527 145.006299 22403.108306 1245.119355 1469.163159 1136.042822 1820.933906 975.692715 211.978713 25.884420 11.167366 116.271539 57.500960 10.409861 39.250473
0.000000 0.000000 0.000000 0.000000 5.725099 35.675248 125.569791 5142.162685 1695.848567 8512.510886 1715.906989 1441.191866 570.201800 195.436419 240.306203 72.824487 19.946612 139.389938 58.025066 60.457222
0.000000 0.000000 0.000000 0.000000 18.353787 17.567293 94.200409 1397.574269 1019.735921 2073.252970 1759.000734 1425.627468 796.774668 558.708158 381.880187 136.978866 124.543200 65.453192 62.478514 127.410613
0.000000 0.000000 0.000000 0.000000 19.842726 43.397975 116.564110 1089.124960 1546.380671 1605.627136 1595.350433 1324.634392 1261.529891 607.038334 160.668149 251.307706 99.662337 35.733627 23.904476 69.498662
0.000000 0.000000 0.000000 0.000000 14.521377 33.128255 80.629869 722.618404 1756.806265 1280.190209 9515.140721 1559.331561 1003.892632 924.448369 296.124112 46.142285 75.012981 76.996485 73.346797 64.855803
0.000000 0.000000 0.000000 0.000000 11.330624 21.183423 83.644508 874.387357 40413.996258 2598.648310 2612.392737 1333.688969 1169.459666 706.419432 82.183407 91.903011 61.163337 19.947638 69.755227 45.658420
0.000000 0.000000 0.000000 0.000000 15.601645 17.466887 42.219702 499.343181 6905.956196 1735.604821 1743.427026 1348.743794 1481.219682 741.893409 332.643141 83.328061 53.131107 17.270678 26.295917 79.277325
0.000000 0.000000 0.000000 0.000000 12.332283 25.224615 119.650953 530.382283 3525.870605 1727.323222 1665.792364 11513.657315 943.819302 486.331366 356.556175 73.785193 15.008313 13.110327 52.941477 6.915692
0.000000 0.000000 0.000000 0.000000 14.861803 50.834492 71.761316 572.118487 1330.892407 2096.561730 2126.542479 3043.420402 1492.063220 980.946087 115.994398 158.215379 79.251166 34.856849 52.497224 8.557990
0.000000 0.000000 0.000000 0.000000 24.595799 42.934722 87.127617 459.343194 1136.021540 37424.080501 1607.514995 2066.484610 6104.954826 603.937518 247.548441 180.488752 51.153570 1.549949 25.584721 1.287328
0.000000 0.000000 0.000000 0.000000 24.732415 23.382377 50.488706 327.683495 912.645964 7168.145380 1977.756629 1820.762704 2121.464385 787.729933 253.942452 17.575084 15.218560 7.632462 360.229995 0.448168
0.000000 0.000000 0.000000 0.000000 16.929832 35.154607 102.025680 332.328547 872.791619 2090.207763 2465.338918 2175.805190 1771.966970 3590.353449 400.037692 134.803448 11.609717 12.237197 11.241202 0.689023
0.000000 0.000000 0.000000 0.000000 13.828953 15.600183 75.798431 361.292902 1124.017817 1754.149604 46389.680835 1697.616994 1513.032910 1076.538606 413.115108 315.098424 101.021386 24.578651 111.614236 41.017824
0.000000 0.000000 0.000000 0.000000 14.406807 52.974826 68.573081 293.546647 955.495131 1349.167760 6670.312965 2576.233194 1690.828829 769.302973 255.157871 265.937099 108.179818 20.712345 15.527983 14.968182
0.000000 0.000000 0.000000 0.000000 5.651218 22.831000 60.439114 207.959724 932.358833 1578.915338 2569.459039 2812.609156 1412.608830 641.149148 327.267879 89.754668 21.393317 3.611813 7.291992 3.000134
0.000000 0.000000 0.000000 0.000000 0.000000 63.640144 70.578724 268.292249 686.729292 1109.010134 2138.031277 53525.080179 1770.461359 414.914966 388.345795 116.237982 44.912497 82.341593 23.596583 24.127176
0.000000 0.000000 0.000000 0.000000 0.000000 35.445424 74.162581 320.420136 468.572724 1119.476759 1586.376700 10087.994610 2186.861044 501.813317 253.095212 149.098354 25.182589 28.067004 8.903643 12.013041
0.000000 0.000000 0.000000 0.000000 0.000000 67.808603 294.936119 455.335101 1641.316893 2233.668069 1922.006774 3158.861458 35606.603642 1174.733023 146.565803 183.333243 103.149119 85.054729 64.388981 15.757232
0.000000 0.000000 0.000000 0.000000 0.000000 27.877109 71.631422 266.970851 909.522815 890.609497 1073.000029 1841.376801 6061.415687 690.009636 156.566453 52.027305 52.180958 35.678402 47.233811 14.269775
0.000000 0.000000 0.000000 0.000000 0.000000 20.425468 106.284659 269.675925 844.934955 997.938943 1219.112140 1273.820211 3110.212536 22241.165961 1261.423447 232.696495 209.755142 30.153283 36.017516 8.960947
0.000000 0.000000 0.000000 0.000000 0.000000 12.278664 112.244191 158.549948 577.554661 1188.259318 1384.525702 688.044361 1996.066889 3068.848653 943.842535 175.086747 15.743505 69.424130 77.507410 20.473384
0.000000 0.000000 0.000000 0.000000 0.000000 26.516257 90.985615 241.202668 801.932780 964.366610 1201.074957 670.392226 991.451006 1857.139842 8832.941164 179.873923 133.140949 74.536471 147.191585 28.953846
0.000000 0.000000 0.000000 0.000000 0.000000 10.179472 75.150840 473.250964 1105.083480 1228.264797 1158.513591 1217.520411 732.588578 575.145627 1093.077580 250.949832 55.425720 43.209118 27.894315 4.219867
0.000000 0.000000 0.000000 0.000000 0.000000 27.591764 33.026835 217.183900 492.944662 704.806446 361.901111 720.324160 865.006185 690.327407 426.581297 327.505388 104.429476 60.250907 105.112548 10.318116
0.000000 0.000000 0.000000 0.000000 0.000000 38.766123 250.291523 1404.398129 3414.094264 4454.745276 4062.593783 4764.899884 2883.048213 1486.946853 646.471352 148.620068 179.388805 61.079024 68.013286 247.080298
0.000000 0.000000 0.000000 0.000000 0.000000 43.477476 214.226133 1030.372712 3032.871045 3417.558283 3706.833732 3833.895830 4583.153247 2515.661510 610.249279 120.918509 52.928313 62.050966 39.979260 2.248042
