0.000000 0.000000 0.000000 0.000000 12.108200 348.599413 499.099266 153.147174 747.821873 392.881395 401.814617 9548.227920 205.070173 190.781618 40.487744 9.787824 31.145353 19.168156 49.201643 21.161214
0.000000 0.000000 0.000000 0.000000 13.431964 161.397896 137.872935 94.332158 253.286753 282.862200 162.442294 859.393341 352.023250 88.386393 10.005804 6.086705 8.922198 29.008902 26.161601 143.699410
0.000000 0.000000 0.000000 0.000000 7.877488 64.477727 99.846150 151.728272 197.485755 383.551769 657.140163 374.532771 331.306923 32.819596 30.778007 5.622153 15.002311 9.826632 54.799786 46.882755
0.000000 0.000000 0.000000 0.000000 10.692401 79.257326 101.014016 149.556934 215.625667 219.807904 383.887012 574.302544 804.035113 354.630760 135.980033 30.666425 10.970460 8.352556 31.035870 530.877166
0.000000 0.000000 0.000000 0.000000 4.771082 29.961795 51.909717 1113.541199 333.172538 923.455365 462.127799 548.519512 527.518211 39.459320 50.190399 5.825587 10.001765 56.058424 17.058343 29.609884
0.000000 0.000000 0.000000 0.000000 17.888475 25.613955 1898.558465 303.076880 578.298502 337.437510 487.436152 526.752178 613.661956 579.500800 117.336535 58.697694 7.063409 6.856370 53.573755 54.334015
0.000000 0.000000 0.000000 0.000000 7.967204 22.187438 456.173062 163.453646 267.255361 329.322436 447.728879 314.223690 315.218823 415.250735 106.756280 29.278900 1.690918 6.341202 29.897611 13.565580
0.000000 0.000000 0.000000 0.000000 4.572002 28.571630 211.771428 267.797612 259.565659 260.029556 147.425691 293.269972 196.593546 315.031965 36.239730 25.948155 77.661237 15.914050 18.284103 8.048550
0.000000 0.000000 0.000000 0.000000 6.791764 13.430912 201.388793 226.934235 211.572221 320.622688 750.844919 425.441044 168.927354 53.238794 20.675311 21.946737 25.134776 11.827385 18.138938 16.850709
0.000000 0.000000 0.000000 0.000000 8.152617 13.023415 355.901408 206.540055 2118.143533 495.307638 695.242298 347.650650 282.451251 166.143555 63.751683 1.213762 34.054798 16.449887 14.591465 17.269366
0.000000 0.000000 0.000000 0.000000 7.018904 17.746216 178.911755 181.468651 846.089041 594.678463 311.231211 243.624864 331.464965 52.340145 23.377949 3.984233 8.080537 1.550301 54.303697 24.473736
0.000000 0.000000 0.000000 0.000000 2.887160 7.276748 126.048297 220.148083 1214.419423 659.114105 468.954873 372.666073 184.524999 27.286762 3.874994 18.135953 20.965363 0.603020 49.543747 14.789314
0.000000 0.000000 0.000000 0.000000 8.589027 7.606843 88.801600 258.293925 666.619933 549.947593 425.286629 413.118520 317.631837 110.082030 0.882288 0.830075 9.331820 10.337384 77.611794 9.338827
0.000000 0.000000 0.000000 0.000000 9.014643 7.726473 122.261537 371.796681 305.045547 341.113677 202.277477 139.632223 400.715488 62.723350 2.734421 1.212006 19.043195 25.782051 77.191986 23.474143
0.000000 0.000000 0.000000 0.000000 14.061938 4.784962 119.091123 420.250233 389.651694 305.586768 309.240895 327.752424 185.304842 50.832143 27.569899 6.794407 3.351872 41.376703 1.805416 22.228417
0.000000 0.000000 0.000000 0.000000 4.255565 6.188861 34.218505 5753.219802 274.712756 560.177402 455.945145 851.124526 226.430343 45.349855 33.118202 12.835961 0.450197 23.792653 28.947826 20.605575
0.000000 0.000000 0.000000 0.000000 2.607015 11.003347 31.909923 1755.288870 555.376085 3305.381953 537.815194 374.871148 225.244861 247.643490 9.730668 15.101706 33.923483 22.471056 5.266771 52.522204
0.000000 0.000000 0.000000 0.000000 9.680531 8.657017 57.486071 727.325152 512.117533 830.976374 538.924324 358.576870 211.162749 358.079961 59.516573 37.951370 3.519156 23.802865 15.420206 76.465342
0.000000 0.000000 0.000000 0.000000 8.425163 8.396064 21.722847 811.014052 567.358499 801.672455 502.117504 359.775478 274.310662 247.735103 67.223775 12.442573 2.192296 22.779254 15.663994 30.954617
0.000000 0.000000 0.000000 0.000000 17.318328 11.493327 43.816249 241.953743 870.632782 495.546006 4249.410937 839.739813 276.600582 198.380742 49.369687 79.462521 23.965202 19.777210 42.366378 74.926391
0.000000 0.000000 0.000000 0.000000 7.368285 16.841311 23.645301 234.278210 12549.170502 821.624010 1034.709772 498.970535 196.525926 346.923705 6.644187 99.457795 41.955759 0.272604 9.073836 36.160775
0.000000 0.000000 0.000000 0.000000 4.643116 17.255288 13.679629 128.062159 2499.501511 558.659823 762.935455 725.804369 574.654472 125.008783 7.498630 16.903812 6.953165 8.693463 2.261914 12.361418
0.000000 0.000000 0.000000 0.000000 7.824034 10.260061 20.802483 90.591296 1086.380677 591.996577 611.796582 3514.682314 383.571555 327.399497 111.436581 42.578241 19.460175 17.284407 10.146824 1.310142
0.000000 0.000000 0.000000 0.000000 3.020252 20.413651 26.891208 105.425702 677.263575 1021.707407 778.555031 1167.034010 619.143127 286.549115 133.584724 55.986381 43.820354 14.439286 2.107912 0.373212
0.000000 0.000000 0.000000 0.000000 11.294663 6.751291 24.352423 73.928971 337.946496 13045.953342 727.958691 686.620720 1334.010293 122.601544 37.100209 47.446703 32.764932 13.121709 1.099748 0.450065
0.000000 0.000000 0.000000 0.000000 4.688728 8.011754 19.733356 65.251741 371.683347 2763.424452 789.379518 583.299821 938.443015 327.855894 183.013583 7.897136 5.892718 7.105380 151.727899 4.008216
0.000000 0.000000 0.000000 0.000000 4.636769 11.122192 30.164527 86.138068 258.624589 1548.821406 920.499323 1031.593081 756.306549 284.034946 138.039592 2.678006 6.123530 4.745783 219.157620 21.743979
0.000000 0.000000 0.000000 0.000000 8.532079 11.182707 30.879072 75.411670 319.136009 1379.470761 973.740515 815.403227 607.370591 1467.218079 48.468190 18.407493 0.628714 0.904368 32.202133 24.891507
0.000000 0.000000 0.000000 0.000000 3.353384 6.542768 62.228246 103.995631 306.008159 531.253961 15126.709660 569.838604 595.177668 338.204692 182.247051 38.153006 12.062792 9.691471 3.087201 0.529372
0.000000 0.000000 0.000000 0.000000 14.843000 9.437274 23.245702 53.814613 136.926442 725.651233 2877.894696 958.042081 821.901172 343.116051 48.524310 23.492244 20.383274 0.620280 45.564105 27.538566
0.000000 0.000000 0.000000 0.000000 0.000000 21.818115 33.924457 94.900567 176.987964 477.533199 1762.710858 1479.120569 637.671577 178.670255 58.975048 17.398089 2.147073 1.534741 7.531380 0.922354
0.000000 0.000000 0.000000 0.000000 0.000000 12.279994 10.019349 70.071278 118.653544 534.235769 913.864600 20950.574449 517.138267 73.364243 89.817131 117.671652 33.178308 47.870900 6.563704 10.535447
0.000000 0.000000 0.000000 0.000000 0.000000 17.878167 18.560024 88.646557 95.288643 365.900262 832.422984 4701.502299 658.013078 115.888532 46.213487 86.623521 16.704727 15.429856 0.018208 0.343795
0.000000 0.000000 0.000000 0.000000 0.000000 17.055555 87.517928 135.812332 990.360895 713.765910 740.940488 1498.547343 6428.113054 117.657879 15.587832 96.337366 28.661330 3.205441 14.165588 16.695437
0.000000 0.000000 0.000000 0.000000 0.000000 12.875285 18.328847 115.760858 166.999459 241.209997 419.936103 1001.076199 2773.996012 490.814492 117.858738 18.915603 3.446741 11.862264 6.705281 1.801447
0.000000 0.000000 0.000000 0.000000 0.000000 17.368955 25.546652 108.490210 230.948904 383.587918 447.889003 467.849851 2233.324147 672.939028 191.915423 3.258148 7.709510 10.217016 27.505422 5.752801
0.000000 0.000000 0.000000 0.000000 0.000000 7.305437 19.801773 88.433317 329.367399 456.654216 349.936768 509.068178 1325.047200 14067.358856 77.866827 3.096148 9.418944 11.477453 17.152161 17.550930
0.000000 0.000000 0.000000 0.000000 0.000000 14.635727 53.268070 95.486155 162.913027 355.589220 450.124967 207.548576 425.830306 1289.850130 318.604421 49.329460 65.246071 9.877728 2.399640 0.955227
0.000000 0.000000 0.000000 0.000000 0.000000 13.989458 23.680853 75.309565 169.933077 225.885992 351.891688 113.403742 642.054436 1485.660201 311.118734 32.462146 45.715577 3.721017 9.806842 3.756039
0.000000 0.000000 0.000000 0.000000 0.000000 12.746503 17.892940 65.488815 155.809230 212.468749 363.917391 412.916369 512.938723 914.626560 728.420400 126.230904 64.245014 25.616801 82.920888 11.766097
0.000000 0.000000 0.000000 0.000000 0.000000 7.212682 5.168931 95.463261 262.880266 350.915100 713.874700 472.156617 185.823539 83.554504 94.026889 65.271710 90.710436 4.454741 20.909801 33.097546
0.000000 0.000000 0.000000 0.000000 0.000000 11.468970 54.664904 542.617888 961.196959 1301.648141 1541.133140 1960.763044 1044.625670 343.403032 512.554716 137.921632 31.492806 0.883237 21.514621 291.240833
0.000000 0.000000 0.000000 0.000000 0.000000 13.591460 64.606651 340.719403 1072.088481 1292.370727 1532.480881 1149.264607 1331.961585 980.201434 327.063827 129.900866 27.446123 14.882294 4.390417 1.851150
