11000.000000 161.671860
11001.000000 115.169304
11002.000000 111.374382
11003.000000 111.825577
11004.000000 107.673325
11005.000000 153.309570
11006.000000 119.274780
11007.000000 226.656982
11008.000000 169.645721
11009.000000 182.008896
11010.000000 147.140411
11011.000000 58.586746
11012.000000 88.435966
11013.000000 176.489502
11014.000000 129.767685
11015.000000 83.359848
11016.000000 106.605171
11017.000000 145.032425
11018.000000 61.137699
11019.000000 40.978615
11020.000000 123.498329
11021.000000 128.398773
11022.000000 179.657776
11023.000000 119.353661
11024.000000 185.375412
11025.000000 155.820007
11026.000000 104.075523
11027.000000 155.687103
11028.000000 94.573799
11029.000000 35.034992
11030.000000 72.762329
11031.000000 68.720413
11032.000000 111.859306
11033.000000 122.131409
11034.000000 108.610756
11035.000000 156.177765
11036.000000 182.504166
11037.000000 117.046143
11038.000000 75.438194
11039.000000 56.554752
11040.000000 99.012680
11041.000000 190.846863
11042.000000 93.570595
11043.000000 95.328453
11044.000000 76.249817
11045.000000 82.840446
11046.000000 57.365913
11047.000000 63.566139
11048.000000 44.234570
11049.000000 98.719536
11050.000000 122.706154
11051.000000 141.788269
11052.000000 173.397064
11053.000000 63.260406
11054.000000 69.065575
11055.000000 98.142921
11056.000000 147.869247
11057.000000 128.974640
11058.000000 105.662910
11059.000000 143.835052
11060.000000 101.499924
11061.000000 161.015594
11062.000000 74.792953
11063.000000 91.624207
11064.000000 114.940727
11065.000000 45.812031
11066.000000 85.733299
11067.000000 218.132477
11068.000000 98.924149
11069.000000 125.439545
11070.000000 62.963120
11071.000000 159.849945
11072.000000 163.565353
11073.000000 175.416855
11074.000000 148.425293
11075.000000 146.250610
11076.000000 281.761871
11077.000000 265.485443
11078.000000 284.898865
11079.000000 272.588623
11080.000000 84.250984
11081.000000 176.551758
11082.000000 188.841431
11083.000000 224.606491
11084.000000 148.006973
11085.000000 131.214096
11086.000000 13.893721
11087.000000 158.266068
11088.000000 189.648926
11089.000000 116.220917
11090.000000 144.141968
11091.000000 122.681351
11092.000000 141.792236
11093.000000 273.555908
11094.000000 145.750824
11095.000000 57.781662
11096.000000 190.402634
11097.000000 169.149292
11098.000000 264.120605
11099.000000 86.360489
11100.000000 75.049187
11101.000000 57.151203
11102.000000 15.357507
11103.000000 128.904999
11104.000000 134.087296
11105.000000 70.700714
11106.000000 83.021652
11107.000000 86.047813
11108.000000 61.084339
11109.000000 117.816109
11110.000000 119.642616
11111.000000 47.402981
11112.000000 65.462242
11113.000000 120.288391
11114.000000 162.279953
11115.000000 72.216125
11116.000000 89.856033
11117.000000 52.291626
11118.000000 58.985950
11119.000000 67.459122
11120.000000 222.158508
11121.000000 443.048035
11122.000000 878.921814
11123.000000 776.256104
11124.000000 643.660645
11125.000000 653.013855
11126.000000 995.873413
11127.000000 798.911865
11128.000000 431.846680
11129.000000 101.236740
11130.000000 99.465683
11131.000000 40.450703
11132.000000 56.500732
11133.000000 57.317406
11134.000000 64.450172
11135.000000 80.201187
11136.000000 29.846785
11137.000000 67.409050
11138.000000 121.286003
11139.000000 36.695957
11140.000000 17.538383
11141.000000 19.806797
11142.000000 41.556717
11143.000000 104.230103
11144.000000 57.264538
11145.000000 88.891777
11146.000000 102.236603
11147.000000 35.530361
11148.000000 38.945545
11149.000000 45.204933
11150.000000 90.749786
11151.000000 17.600557
11152.000000 14.508638
11153.000000 76.922272
11154.000000 3.165220
11155.000000 49.489922
11156.000000 62.169117
11157.000000 80.526894
11158.000000 235.295547
11159.000000 193.478424
11160.000000 87.343491
11161.000000 36.950008
11162.000000 38.623672
11163.000000 16.731226
11164.000000 41.342850
11165.000000 125.082657
11166.000000 203.147476
11167.000000 72.322403
11168.000000 109.663506
11169.000000 106.820084
11170.000000 97.918114
11171.000000 162.120895
11172.000000 102.609039
11173.000000 50.486912
11174.000000 127.813484
11175.000000 94.502228
11176.000000 110.443214
11177.000000 76.685265
11178.000000 100.119019
11179.000000 157.782776
11180.000000 130.841949
11181.000000 92.084335
11182.000000 193.724976
11183.000000 225.927856
11184.000000 188.527313
11185.000000 130.120300
11186.000000 349.641174
11187.000000 109.735115
11188.000000 42.518196
11189.000000 80.359581
11190.000000 79.623985
11191.000000 59.769661
11192.000000 157.987946
11193.000000 118.949532
11194.000000 177.273895
11195.000000 118.861931
11196.000000 226.622253
11197.000000 359.041443
11198.000000 204.895859
11199.000000 143.351349
11200.000000 201.654205
11201.000000 169.456512
11202.000000 85.282234
11203.000000 83.065155
11204.000000 89.187126
11205.000000 97.540993
11206.000000 112.780006
11207.000000 92.191307
11208.000000 155.477325
11209.000000 183.762009
11210.000000 191.191132
11211.000000 144.665039
11212.000000 221.877731
11213.000000 188.066483
11214.000000 220.973267
11215.000000 160.542038
11216.000000 80.387817
11217.000000 102.700409
11218.000000 152.293106
11219.000000 274.149078
11220.000000 142.732651
11221.000000 134.528854
11222.000000 210.777405
11223.000000 343.302429
11224.000000 147.539093
11225.000000 54.686607
11226.000000 72.132095
11227.000000 82.165298
11228.000000 86.698044
11229.000000 126.235840
11230.000000 161.818146
11231.000000 189.351959
11232.000000 240.945496
11233.000000 213.360565
11234.000000 327.478638
11235.000000 168.228577
11236.000000 108.016472
11237.000000 78.166077
11238.000000 98.142838
11239.000000 68.693542
11240.000000 196.502731
11241.000000 173.769180
11242.000000 133.109039
11243.000000 92.129791
11244.000000 86.755936
11245.000000 111.554489
11246.000000 146.809753
11247.000000 144.080490
11248.000000 120.437210
11249.000000 111.909538
11250.000000 186.399261
11251.000000 143.455231
11252.000000 91.971619
11253.000000 79.534126
11254.000000 191.785965
11255.000000 116.691750
11256.000000 100.111656
11257.000000 183.453430
11258.000000 335.072540
11259.000000 266.752655
11260.000000 183.756393
11261.000000 201.950668
11262.000000 153.658279
11263.000000 103.533051
11264.000000 127.973259
11265.000000 97.357094
11266.000000 72.524986
11267.000000 12.884230
11268.000000 129.142639
11269.000000 161.146164
11270.000000 55.987419
11271.000000 31.118973
11272.000000 84.824532
11273.000000 106.972397
11274.000000 59.047695
11275.000000 25.630310
11276.000000 52.910721
11277.000000 47.058025
11278.000000 156.186966
11279.000000 106.396278
11280.000000 125.915749
11281.000000 120.704468
11282.000000 117.013519
11283.000000 179.779572
11284.000000 203.628265
11285.000000 201.702560
11286.000000 354.888641
11287.000000 112.696167
11288.000000 134.275253
11289.000000 112.875252
11290.000000 66.811424
11291.000000 102.687866
11292.000000 63.767658
11293.000000 27.127451
11294.000000 102.887482
11295.000000 123.479919
11296.000000 169.918640
11297.000000 140.182083
11298.000000 134.270920
11299.000000 115.213943
11300.000000 133.912994
11301.000000 69.354065
11302.000000 47.298313
11303.000000 111.488068
11304.000000 407.404968
11305.000000 271.058655
11306.000000 177.803848
11307.000000 146.511017
11308.000000 95.414040
11309.000000 107.583504
11310.000000 156.604126
11311.000000 119.412727
11312.000000 206.816147
11313.000000 80.455017
11314.000000 171.523651
11315.000000 304.986450
11316.000000 228.479950
11317.000000 233.965134
11318.000000 258.160248
11319.000000 90.266350
11320.000000 127.718857
11321.000000 115.599823
11322.000000 274.719757
11323.000000 155.768890
11324.000000 141.423904
11325.000000 34.546658
11326.000000 169.541931
11327.000000 895.899719
11328.000000 1137.299438
11329.000000 1998.983643
11330.000000 1035.207642
11331.000000 492.706451
11332.000000 357.795074
11333.000000 554.450195
11334.000000 196.076172
11335.000000 147.112289
11336.000000 151.223618
11337.000000 94.213058
11338.000000 69.866959
11339.000000 125.002541
11340.000000 157.679626
11341.000000 183.116974
11342.000000 151.092758
11343.000000 136.870087
11344.000000 116.855583
11345.000000 142.458130
11346.000000 144.653992
11347.000000 99.679909
11348.000000 61.822071
11349.000000 86.125931
11350.000000 127.549614
11351.000000 61.449909
11352.000000 63.698250
11353.000000 144.767120
11354.000000 125.446213
11355.000000 95.744003
11356.000000 37.266090
11357.000000 96.904037
11358.000000 132.059662
11359.000000 72.408585
11360.000000 64.553040
11361.000000 46.721329
11362.000000 54.803402
11363.000000 140.177200
11364.000000 53.311523
11365.000000 54.154926
11366.000000 89.301147
11367.000000 56.441200
11368.000000 147.695236
11369.000000 231.731384
11370.000000 119.837402
11371.000000 65.654785
11372.000000 73.538651
11373.000000 29.400547
11374.000000 138.805496
11375.000000 175.683868
11376.000000 51.023441
11377.000000 34.623379
11378.000000 37.882854
11379.000000 97.348938
11380.000000 94.415047
11381.000000 81.880852
11382.000000 126.319733
11383.000000 38.583405
11384.000000 66.438553
11385.000000 100.146935
11386.000000 98.308960
11387.000000 88.294914
11388.000000 117.172691
11389.000000 103.416443
11390.000000 215.378708
11391.000000 269.224335
11392.000000 170.838196
11393.000000 217.486954
11394.000000 78.127045
11395.000000 61.551117
11396.000000 123.336487
11397.000000 154.157883
11398.000000 66.958008
11399.000000 68.559883
11400.000000 208.166595
11401.000000 337.762024
11402.000000 191.982330
11403.000000 123.305107
11404.000000 90.002884
11405.000000 109.155464
11406.000000 203.883759
11407.000000 112.747101
11408.000000 147.745468
11409.000000 121.661377
11410.000000 126.523956
11411.000000 164.401169
11412.000000 174.124710
11413.000000 149.415588
11414.000000 158.244797
11415.000000 220.694534
11416.000000 110.591957
11417.000000 115.555527
11418.000000 104.863754
11419.000000 235.214478
11420.000000 114.434593
11421.000000 78.174850
11422.000000 193.537125
11423.000000 110.073151
11424.000000 245.178268
11425.000000 224.116684
11426.000000 163.803787
11427.000000 306.762787
11428.000000 189.018677
11429.000000 162.329346
11430.000000 97.309532
11431.000000 109.842117
11432.000000 89.116539
11433.000000 126.668816
11434.000000 158.843643
11435.000000 193.693420
11436.000000 131.771637
11437.000000 172.342850
11438.000000 198.531509
11439.000000 178.109985
11440.000000 183.077896
11441.000000 330.591064
11442.000000 228.252457
11443.000000 130.962921
11444.000000 269.068237
11445.000000 258.234375
11446.000000 122.811119
11447.000000 244.117126
11448.000000 123.403252
11449.000000 168.286636
11450.000000 220.160782
11451.000000 335.959015
11452.000000 257.286835
11453.000000 274.176849
11454.000000 155.973053
11455.000000 280.615112
11456.000000 409.949524
11457.000000 230.655502
11458.000000 28.477604
11459.000000 141.802887
11460.000000 122.730576
11461.000000 100.483536
11462.000000 136.083206
11463.000000 41.102222
11464.000000 72.074615
11465.000000 144.906662
11466.000000 90.597366
11467.000000 180.195862
11468.000000 131.385147
11469.000000 148.410095
11470.000000 137.604553
11471.000000 117.965691
11472.000000 140.216492
11473.000000 190.645294
11474.000000 209.484161
11475.000000 138.997833
11476.000000 204.580872
11477.000000 205.687912
11478.000000 122.893021
11479.000000 83.358711
11480.000000 105.864502
11481.000000 172.038971
11482.000000 246.842545
11483.000000 156.308487
11484.000000 174.887009
11485.000000 127.415764
11486.000000 101.229767
11487.000000 177.394440
11488.000000 252.673340
11489.000000 498.316223
11490.000000 216.274902
11491.000000 78.200439
11492.000000 150.024368
11493.000000 305.726349
11494.000000 461.580261
11495.000000 112.885887
11496.000000 137.541626
11497.000000 125.531326
11498.000000 206.856400
11499.000000 94.876083
11500.000000 67.533539
11501.000000 716.546387
11502.000000 912.179260
11503.000000 1877.734863
11504.000000 1497.307129
11505.000000 1566.731201
11506.000000 550.101501
11507.000000 298.293335
11508.000000 298.156860
11509.000000 166.299973
11510.000000 102.802994
11511.000000 45.943501
11512.000000 166.097336
11513.000000 227.878754
11514.000000 126.762283
11515.000000 186.138779
11516.000000 52.070778
11517.000000 143.995148
11518.000000 102.210220
11519.000000 59.030533
11520.000000 66.542053
11521.000000 85.266525
11522.000000 79.612274
11523.000000 83.533195
11524.000000 95.814934
11525.000000 82.992561
11526.000000 104.129501
11527.000000 90.346855
11528.000000 103.434494
11529.000000 83.579430
11530.000000 52.662819
11531.000000 77.546539
11532.000000 84.528275
11533.000000 64.555748
11534.000000 87.340508
11535.000000 61.733513
11536.000000 87.535690
11537.000000 96.183571
11538.000000 121.923714
11539.000000 207.941711
11540.000000 156.050308
11541.000000 164.405502
11542.000000 213.096832
11543.000000 54.483265
11544.000000 63.321587
11545.000000 120.755089
11546.000000 73.398277
11547.000000 116.131401
11548.000000 128.486130
11549.000000 119.473923
11550.000000 208.456909
11551.000000 167.289322
11552.000000 162.650314
11553.000000 92.952896
11554.000000 138.958328
11555.000000 89.424637
11556.000000 159.256454
11557.000000 98.706627
11558.000000 105.807785
11559.000000 82.162666
11560.000000 67.559204
11561.000000 46.270226
11562.000000 53.487701
11563.000000 130.316086
11564.000000 271.088959
11565.000000 80.692215
11566.000000 105.288383
11567.000000 122.158936
11568.000000 120.837639
11569.000000 101.149261
11570.000000 213.238403
11571.000000 99.455521
11572.000000 72.418533
11573.000000 215.040207
11574.000000 153.288406
11575.000000 106.345810
11576.000000 150.747849
11577.000000 235.384125
11578.000000 278.915619
11579.000000 107.714378
11580.000000 52.380272
11581.000000 114.050964
11582.000000 131.520340
11583.000000 88.560143
11584.000000 80.694283
11585.000000 195.601440
11586.000000 177.743134
11587.000000 120.142891
11588.000000 76.935593
11589.000000 60.663422
11590.000000 51.559227
11591.000000 111.225105
11592.000000 176.768753
11593.000000 140.225952
11594.000000 79.616493
11595.000000 137.597717
11596.000000 88.384666
11597.000000 105.243401
11598.000000 163.086029
11599.000000 204.516144
11600.000000 126.798576
11601.000000 126.848755
11602.000000 172.330826
11603.000000 147.524261
11604.000000 118.166565
11605.000000 153.358170
11606.000000 183.047623
11607.000000 218.447876
11608.000000 77.236839
11609.000000 113.987366
11610.000000 151.066818
11611.000000 85.264702
11612.000000 141.287415
11613.000000 158.239563
11614.000000 50.555271
11615.000000 113.983551
11616.000000 284.812439
11617.000000 243.207687
11618.000000 141.459900
11619.000000 59.962227
11620.000000 231.130234
11621.000000 382.756470
11622.000000 238.766998
11623.000000 161.734924
11624.000000 122.156158
11625.000000 117.088242
11626.000000 176.234940
11627.000000 145.957336
11628.000000 133.709900
11629.000000 60.777275
11630.000000 77.431458
11631.000000 143.330765
11632.000000 138.343369
11633.000000 144.387360
11634.000000 140.675537
11635.000000 178.647797
11636.000000 101.535706
11637.000000 186.383408
11638.000000 276.032074
11639.000000 209.552170
11640.000000 163.503494
11641.000000 114.110664
11642.000000 107.853180
11643.000000 145.640244
11644.000000 301.960754
11645.000000 146.761810
11646.000000 69.822136
11647.000000 55.208988
11648.000000 70.115845
11649.000000 99.309807
11650.000000 363.444824
11651.000000 1293.485107
11652.000000 1141.729492
11653.000000 1176.703003
11654.000000 1640.143677
11655.000000 899.390869
11656.000000 605.934998
11657.000000 744.413391
11658.000000 162.879974
11659.000000 91.129257
11660.000000 155.447083
11661.000000 99.831123
11662.000000 62.881130
11663.000000 118.462349
11664.000000 188.995026
11665.000000 112.661240
11666.000000 94.077774
11667.000000 162.523529
11668.000000 191.511246
11669.000000 235.896423
11670.000000 287.425323
11671.000000 212.188675
11672.000000 118.742783
11673.000000 94.517639
11674.000000 244.159088
11675.000000 269.487854
11676.000000 122.615730
11677.000000 57.054489
11678.000000 101.278732
11679.000000 82.003197
11680.000000 139.886902
11681.000000 143.175583
11682.000000 68.664154
11683.000000 133.686874
11684.000000 174.896881
11685.000000 151.891998
11686.000000 170.505905
11687.000000 114.882004
11688.000000 70.335243
11689.000000 259.769989
11690.000000 164.715790
11691.000000 221.812515
11692.000000 271.554932
11693.000000 201.872681
11694.000000 200.977875
11695.000000 151.449387
11696.000000 172.301315
11697.000000 159.850662
11698.000000 133.846191
11699.000000 187.409958
11700.000000 237.563721
11701.000000 226.428894
11702.000000 128.500229
11703.000000 212.231613
11704.000000 191.879456
11705.000000 133.839951
11706.000000 186.840088
11707.000000 136.010910
11708.000000 52.655640
11709.000000 88.626144
11710.000000 178.506226
11711.000000 100.347527
11712.000000 152.839523
11713.000000 134.685913
11714.000000 282.651794
11715.000000 110.377159
11716.000000 29.816858
11717.000000 34.639210
11718.000000 187.667404
11719.000000 160.943207
11720.000000 146.229889
11721.000000 202.964111
11722.000000 260.797058
11723.000000 340.276672
11724.000000 139.922806
11725.000000 183.685928
11726.000000 237.028412
11727.000000 144.269928
11728.000000 192.793945
11729.000000 233.506592
11730.000000 221.451324
11731.000000 162.490356
11732.000000 269.252930
11733.000000 190.209274
11734.000000 81.291420
11735.000000 121.027122
11736.000000 215.691849
11737.000000 131.117676
11738.000000 130.830475
11739.000000 126.852997
11740.000000 92.862244
11741.000000 157.506378
11742.000000 114.883873
11743.000000 67.633102
11744.000000 83.391991
11745.000000 96.418945
11746.000000 75.648636
11747.000000 126.160057
11748.000000 100.234283
11749.000000 153.525421
11750.000000 165.364182
11751.000000 146.405426
11752.000000 151.194916
11753.000000 129.049286
11754.000000 105.609161
11755.000000 229.439117
11756.000000 278.446442
11757.000000 198.191345
11758.000000 133.187988
11759.000000 211.132004
11760.000000 284.695496
11761.000000 169.487976
11762.000000 119.670868
11763.000000 143.005859
11764.000000 261.771881
11765.000000 188.902618
11766.000000 138.278275
11767.000000 132.746170
11768.000000 194.507767
11769.000000 241.857651
11770.000000 149.799698
11771.000000 131.287323
11772.000000 181.978500
11773.000000 262.028717
11774.000000 163.491165
11775.000000 265.583527
11776.000000 240.591873
11777.000000 199.175705
11778.000000 101.041466
11779.000000 275.801331
11780.000000 1373.143311
11781.000000 743.708069
11782.000000 327.794891
11783.000000 508.900055
11784.000000 325.554993
11785.000000 559.328308
11786.000000 957.920288
11787.000000 262.126129
11788.000000 64.954033
11789.000000 129.602386
11790.000000 192.889664
11791.000000 190.459946
11792.000000 224.566086
11793.000000 150.962524
11794.000000 181.063797
11795.000000 102.403374
11796.000000 58.892605
11797.000000 102.194115
11798.000000 210.564728
11799.000000 228.435806
11800.000000 154.696259
11801.000000 330.224731
11802.000000 233.392227
11803.000000 170.010803
11804.000000 145.160919
11805.000000 266.637146
11806.000000 289.833496
11807.000000 357.348969
11808.000000 149.661789
11809.000000 185.284760
11810.000000 84.633682
11811.000000 49.031822
11812.000000 136.071350
11813.000000 113.099525
11814.000000 140.633804
11815.000000 87.654251
11816.000000 131.819626
11817.000000 86.328575
11818.000000 219.710403
11819.000000 348.892090
11820.000000 255.851501
11821.000000 291.642059
11822.000000 390.542236
11823.000000 387.690002
11824.000000 360.595642
11825.000000 227.012878
11826.000000 207.271210
11827.000000 220.083221
11828.000000 143.565643
11829.000000 142.373428
11830.000000 172.167038
11831.000000 167.630142
11832.000000 136.750076
11833.000000 169.333771
11834.000000 215.718735
11835.000000 198.171005
11836.000000 140.945648
11837.000000 221.191483
11838.000000 152.063156
11839.000000 98.000595
11840.000000 90.288078
11841.000000 100.183044
11842.000000 285.480103
11843.000000 175.519424
11844.000000 170.694244
11845.000000 192.203583
11846.000000 197.404343
11847.000000 111.683052
11848.000000 188.160538
11849.000000 178.941071
11850.000000 228.448746
11851.000000 168.796677
11852.000000 263.032867
11853.000000 135.279709
11854.000000 158.593002
11855.000000 197.703888
11856.000000 133.911484
11857.000000 138.965225
11858.000000 116.264793
11859.000000 112.206718
11860.000000 88.070740
11861.000000 249.960342
11862.000000 167.503555
11863.000000 50.204727
11864.000000 71.434723
11865.000000 125.748055
11866.000000 82.811813
11867.000000 108.126846
11868.000000 223.043823
11869.000000 173.283569
11870.000000 113.491341
11871.000000 138.224930
11872.000000 252.602417
11873.000000 320.102631
11874.000000 322.283386
11875.000000 144.607620
11876.000000 144.537872
11877.000000 189.457840
11878.000000 90.790298
11879.000000 49.970638
11880.000000 91.715706
11881.000000 157.484634
11882.000000 140.249069
11883.000000 231.962738
11884.000000 161.573822
11885.000000 138.012680
11886.000000 88.232346
11887.000000 106.337868
11888.000000 185.953171
11889.000000 204.272171
11890.000000 359.590942
11891.000000 380.681458
11892.000000 178.786514
11893.000000 348.504333
11894.000000 417.580872
11895.000000 284.979950
11896.000000 173.340210
11897.000000 96.336662
11898.000000 67.308105
11899.000000 85.454849
11900.000000 79.009048
11901.000000 180.072968
11902.000000 181.679276
11903.000000 110.644135
11904.000000 61.065544
11905.000000 52.868710
11906.000000 68.562248
11907.000000 127.463768
11908.000000 159.783081
11909.000000 247.368378
11910.000000 160.705215
11911.000000 131.865326
11912.000000 195.493134
11913.000000 97.533867
11914.000000 172.641556
11915.000000 101.477982
11916.000000 168.396576
11917.000000 172.777618
11918.000000 157.600479
11919.000000 272.379242
11920.000000 143.809204
11921.000000 174.785522
11922.000000 111.158012
11923.000000 142.142288
11924.000000 108.250610
11925.000000 201.327560
11926.000000 269.355927
11927.000000 155.295624
11928.000000 85.979301
11929.000000 66.222801
11930.000000 176.641327
11931.000000 171.172653
11932.000000 111.503914
11933.000000 110.373840
11934.000000 205.183563
11935.000000 79.705063
11936.000000 98.082275
11937.000000 92.609184
11938.000000 142.444992
11939.000000 186.574066
11940.000000 106.444038
11941.000000 87.090218
11942.000000 92.407593
11943.000000 248.921143
11944.000000 116.001381
11945.000000 87.368668
11946.000000 177.764465
11947.000000 75.993431
11948.000000 25.713331
11949.000000 48.237988
11950.000000 92.398254
11951.000000 91.513969
11952.000000 112.628014
11953.000000 182.248474
11954.000000 74.146492
11955.000000 100.049004
11956.000000 42.283585
11957.000000 44.887619
11958.000000 95.578995
11959.000000 121.078911
11960.000000 87.637726
11961.000000 63.712421
11962.000000 162.010071
11963.000000 128.586716
11964.000000 141.689331
11965.000000 262.390381
11966.000000 361.539001
11967.000000 180.196762
11968.000000 125.029633
11969.000000 248.494141
11970.000000 97.291779
11971.000000 148.489120
11972.000000 189.812149
11973.000000 164.229568
11974.000000 213.256058
11975.000000 94.640495
11976.000000 187.391296
11977.000000 184.410019
11978.000000 221.408981
11979.000000 225.666016
11980.000000 161.349503
11981.000000 241.585587
11982.000000 250.416580
11983.000000 194.611801
11984.000000 144.351227
11985.000000 183.396210
11986.000000 73.244110
11987.000000 61.928589
11988.000000 31.847126
11989.000000 28.302572
11990.000000 39.873558
11991.000000 70.711342
11992.000000 140.529953
11993.000000 89.483612
11994.000000 103.138718
11995.000000 193.376053
11996.000000 130.127869
11997.000000 198.719040
11998.000000 188.137299
11999.000000 228.456543
12000.000000 195.580170
12001.000000 180.134537
12002.000000 128.927261
12003.000000 96.680580
12004.000000 209.681137
12005.000000 79.046768
12006.000000 134.253418
12007.000000 214.524887
12008.000000 110.516792
12009.000000 96.695152
12010.000000 126.507629
12011.000000 134.705719
12012.000000 101.445755
12013.000000 177.639069
12014.000000 72.126137
12015.000000 125.882774
12016.000000 164.866364
12017.000000 173.860107
12018.000000 127.107445
12019.000000 326.549255
12020.000000 146.115479
12021.000000 135.304596
12022.000000 194.274872
12023.000000 151.237198
12024.000000 269.929413
12025.000000 199.762146
12026.000000 190.423416
12027.000000 170.378448
12028.000000 152.110779
12029.000000 192.636322
12030.000000 188.259735
12031.000000 129.267822
12032.000000 225.775116
12033.000000 212.934601
12034.000000 127.941521
12035.000000 95.937820
12036.000000 83.226822
12037.000000 70.451904
12038.000000 235.992783
12039.000000 166.392975
12040.000000 165.825409
12041.000000 127.125397
12042.000000 131.376434
12043.000000 206.761566
12044.000000 89.721474
12045.000000 157.443954
12046.000000 137.618225
12047.000000 101.037964
12048.000000 64.561501
12049.000000 74.077774
12050.000000 88.307198
12051.000000 59.748524
12052.000000 80.471191
12053.000000 141.839737
12054.000000 191.523773
12055.000000 201.720078
12056.000000 65.137184
12057.000000 197.780701
12058.000000 211.818573
12059.000000 135.492752
12060.000000 77.127594
12061.000000 196.475449
12062.000000 284.710999
12063.000000 211.072006
12064.000000 249.973099
12065.000000 187.190674
12066.000000 241.653412
12067.000000 107.662636
12068.000000 64.458755
12069.000000 105.799362
12070.000000 152.459763
12071.000000 204.459808
12072.000000 158.759995
12073.000000 185.876389
12074.000000 187.850418
12075.000000 221.981155
12076.000000 107.264183
12077.000000 77.821922
12078.000000 87.017136
12079.000000 101.063225
12080.000000 86.138695
12081.000000 103.665123
12082.000000 136.884064
12083.000000 172.506775
12084.000000 250.617508
12085.000000 640.585388
12086.000000 212.349350
12087.000000 97.075218
12088.000000 10.759369
12089.000000 244.076401
12090.000000 285.138092
12091.000000 217.807816
12092.000000 68.905678
12093.000000 169.397156
12094.000000 211.952072
12095.000000 228.031311
12096.000000 169.299255
12097.000000 120.803421
12098.000000 100.101524
12099.000000 156.019211
12100.000000 138.916946
12101.000000 210.439789
12102.000000 81.781868
12103.000000 51.042652
12104.000000 157.009491
12105.000000 168.267639
12106.000000 77.359673
12107.000000 28.522978
12108.000000 14.805552
12109.000000 73.460304
12110.000000 62.919819
12111.000000 12.370041
12112.000000 45.218781
12113.000000 83.301270
12114.000000 85.521317
12115.000000 218.577225
12116.000000 170.295776
12117.000000 89.892792
12118.000000 134.661346
12119.000000 123.749763
12120.000000 99.384689
12121.000000 63.796638
12122.000000 130.788040
12123.000000 100.435608
12124.000000 103.887474
12125.000000 40.274078
12126.000000 59.522087
12127.000000 98.338318
12128.000000 140.456802
12129.000000 63.496960
12130.000000 108.357185
12131.000000 232.518127
12132.000000 175.835083
12133.000000 86.314270
12134.000000 115.367699
12135.000000 202.052048
12136.000000 175.667511
12137.000000 100.608452
12138.000000 48.478363
12139.000000 45.017433
12140.000000 68.355957
12141.000000 115.107460
12142.000000 117.513290
12143.000000 208.385849
12144.000000 151.341629
12145.000000 161.219147
12146.000000 144.512909
12147.000000 121.570381
12148.000000 255.178513
12149.000000 290.551727
12150.000000 140.727615
12151.000000 153.358109
12152.000000 118.455353
12153.000000 114.879387
12154.000000 164.156281
12155.000000 219.998413
12156.000000 142.694946
12157.000000 240.467514
12158.000000 165.824829
12159.000000 105.350937
12160.000000 143.198669
12161.000000 197.353455
12162.000000 201.664688
12163.000000 114.332100
12164.000000 206.540283
12165.000000 101.567238
12166.000000 62.068466
12167.000000 133.908585
12168.000000 125.285706
12169.000000 45.024597
12170.000000 66.133041
12171.000000 77.382027
12172.000000 169.834457
12173.000000 165.756775
12174.000000 207.155396
12175.000000 110.241493
12176.000000 128.196426
12177.000000 194.976791
12178.000000 160.291763
12179.000000 82.056862
12180.000000 187.414047
12181.000000 187.911942
12182.000000 77.188728
12183.000000 84.514732
12184.000000 180.531006
12185.000000 180.856842
12186.000000 251.323715
12187.000000 111.171417
12188.000000 149.360931
12189.000000 130.012726
12190.000000 77.440948
12191.000000 93.732246
12192.000000 121.894676
12193.000000 180.263718
12194.000000 159.953766
12195.000000 245.550278
12196.000000 128.072327
12197.000000 146.594177
12198.000000 119.073982
12199.000000 223.196869
12200.000000 93.546562
12201.000000 84.138802
12202.000000 130.345779
12203.000000 99.952011
12204.000000 172.472473
12205.000000 303.541107
12206.000000 235.381516
12207.000000 105.752991
12208.000000 81.827225
12209.000000 122.185623
12210.000000 104.513344
12211.000000 208.357788
12212.000000 200.623398
12213.000000 79.785378
12214.000000 211.968475
12215.000000 76.369362
12216.000000 167.647720
12217.000000 95.317543
12218.000000 116.332787
12219.000000 193.052933
12220.000000 396.142273
12221.000000 134.323730
12222.000000 233.686096
12223.000000 259.410065
12224.000000 138.943542
12225.000000 200.625336
12226.000000 239.734116
12227.000000 150.550415
12228.000000 72.176453
12229.000000 76.908119
12230.000000 124.056679
12231.000000 110.747719
12232.000000 219.006622
12233.000000 358.825684
12234.000000 881.406555
12235.000000 1413.072510
12236.000000 1881.187988
12237.000000 1018.727173
12238.000000 566.406372
12239.000000 228.814560
12240.000000 235.999695
12241.000000 489.041534
12242.000000 42.465588
12243.000000 79.972321
12244.000000 72.656227
12245.000000 217.054047
12246.000000 249.522415
12247.000000 188.942200
12248.000000 380.634644
12249.000000 127.178780
12250.000000 122.113388
12251.000000 217.925339
12252.000000 136.763870
12253.000000 148.768860
12254.000000 71.865822
12255.000000 85.086227
12256.000000 42.834236
12257.000000 205.629791
12258.000000 273.096405
12259.000000 175.640472
12260.000000 156.021042
12261.000000 131.626755
12262.000000 178.270355
12263.000000 104.478104
12264.000000 164.075150
12265.000000 134.408859
12266.000000 134.103775
12267.000000 143.230347
12268.000000 94.456627
12269.000000 269.418396
12270.000000 192.790466
12271.000000 91.634995
12272.000000 101.038818
12273.000000 63.273197
12274.000000 86.605804
12275.000000 170.625885
12276.000000 89.004059
12277.000000 128.137924
12278.000000 131.377396
12279.000000 136.863403
12280.000000 179.877945
12281.000000 345.300385
12282.000000 202.242889
12283.000000 166.787903
12284.000000 138.621155
12285.000000 157.704529
12286.000000 147.179123
12287.000000 101.003387
12288.000000 221.620483
12289.000000 253.766968
12290.000000 150.443069
12291.000000 151.052460
12292.000000 196.107422
12293.000000 177.017700
12294.000000 109.333000
12295.000000 34.358387
12296.000000 62.162472
12297.000000 35.047577
12298.000000 102.347542
12299.000000 164.745758
12300.000000 140.680344
12301.000000 111.646538
12302.000000 274.191772
12303.000000 110.490578
12304.000000 168.654510
12305.000000 187.280533
12306.000000 206.733566
12307.000000 243.207306
12308.000000 221.319397
12309.000000 233.450287
12310.000000 119.421204
12311.000000 146.385010
12312.000000 128.233246
12313.000000 225.195709
12314.000000 156.147186
12315.000000 151.889389
12316.000000 137.146332
12317.000000 194.719986
12318.000000 137.658813
12319.000000 174.178131
12320.000000 189.844955
12321.000000 187.470795
12322.000000 128.284790
12323.000000 157.733429
12324.000000 106.957184
12325.000000 249.708664
12326.000000 125.028107
12327.000000 128.126892
12328.000000 97.671371
12329.000000 106.895775
12330.000000 64.516563
12331.000000 152.345901
12332.000000 182.846191
12333.000000 309.509308
12334.000000 280.086151
12335.000000 89.969009
12336.000000 259.252258
12337.000000 210.460251
12338.000000 151.069580
12339.000000 84.427299
12340.000000 272.496063
12341.000000 119.610703
12342.000000 118.068726
12343.000000 242.826096
12344.000000 171.114395
12345.000000 214.052338
12346.000000 74.239166
12347.000000 103.703529
12348.000000 121.228943
12349.000000 131.465652
12350.000000 158.587845
12351.000000 233.425110
12352.000000 104.926140
12353.000000 124.143845
12354.000000 143.192444
12355.000000 95.335564
12356.000000 763.356323
12357.000000 1446.763672
12358.000000 1110.709595
12359.000000 1688.759766
12360.000000 1836.499023
12361.000000 2159.722656
12362.000000 905.074890
12363.000000 801.096375
12364.000000 331.247223
12365.000000 283.911285
12366.000000 98.838638
12367.000000 75.760056
12368.000000 65.655670
12369.000000 47.102959
12370.000000 101.910248
12371.000000 56.948589
12372.000000 87.330750
12373.000000 100.190262
12374.000000 186.756821
12375.000000 102.449272
12376.000000 58.936817
12377.000000 50.912575
12378.000000 30.675882
12379.000000 117.992035
12380.000000 102.809196
12381.000000 106.018341
12382.000000 94.073090
12383.000000 51.121761
12384.000000 2.422375
12385.000000 37.234787
12386.000000 75.388123
12387.000000 111.437454
12388.000000 85.272285
12389.000000 81.861336
12390.000000 145.806671
12391.000000 140.354675
12392.000000 75.247818
12393.000000 142.353271
12394.000000 87.088097
12395.000000 96.984940
12396.000000 147.946030
12397.000000 241.862701
12398.000000 149.396973
12399.000000 171.135437
12400.000000 93.585640
12401.000000 78.255188
12402.000000 136.661697
12403.000000 250.042099
12404.000000 188.925369
12405.000000 40.279839
12406.000000 132.800537
12407.000000 124.423203
12408.000000 152.653412
12409.000000 219.194016
12410.000000 157.497772
12411.000000 139.547531
12412.000000 153.889664
12413.000000 64.848427
12414.000000 228.497284
12415.000000 198.533340
12416.000000 176.126205
12417.000000 93.572754
12418.000000 49.939178
12419.000000 133.542648
12420.000000 166.270828
12421.000000 247.916519
12422.000000 154.594345
12423.000000 101.100494
12424.000000 173.543686
12425.000000 148.243073
12426.000000 173.195679
12427.000000 153.364990
12428.000000 185.996964
12429.000000 197.538162
12430.000000 152.235870
12431.000000 164.920044
12432.000000 105.640083
12433.000000 76.491829
12434.000000 40.315281
12435.000000 70.029373
12436.000000 104.979988
12437.000000 182.645432
12438.000000 114.121094
12439.000000 224.995331
12440.000000 49.617580
12441.000000 80.593643
12442.000000 157.527878
12443.000000 267.266602
12444.000000 228.013489
12445.000000 147.753387
12446.000000 59.781296
12447.000000 97.432129
12448.000000 185.864349
12449.000000 74.347847
12450.000000 33.951748
12451.000000 95.815651
12452.000000 74.725220
12453.000000 128.176376
12454.000000 269.957733
12455.000000 263.715820
12456.000000 148.994263
12457.000000 101.496552
12458.000000 66.268700
12459.000000 889.967529
12460.000000 676.636658
12461.000000 1292.528198
12462.000000 1503.772461
12463.000000 1903.428711
12464.000000 1390.490967
12465.000000 1995.112793
12466.000000 1062.250732
12467.000000 235.794998
12468.000000 125.271088
12469.000000 42.464367
12470.000000 109.266678
12471.000000 116.980621
12472.000000 60.911324
12473.000000 44.574387
12474.000000 122.675690
12475.000000 220.023590
12476.000000 223.898071
12477.000000 100.630707
12478.000000 65.914505
12479.000000 168.344971
12480.000000 253.008377
12481.000000 88.198326
12482.000000 90.646545
12483.000000 42.605030
12484.000000 196.405350
12485.000000 148.727783
12486.000000 114.053284
12487.000000 237.174561
12488.000000 132.493423
12489.000000 167.587143
12490.000000 91.536316
12491.000000 139.251160
12492.000000 167.791351
12493.000000 65.585320
12494.000000 50.348778
12495.000000 108.264297
12496.000000 230.179764
12497.000000 138.230118
12498.000000 37.777332
12499.000000 30.532042
12500.000000 118.433929
12501.000000 87.290398
12502.000000 72.651367
12503.000000 87.347839
12504.000000 108.890083
12505.000000 249.320450
12506.000000 97.911751
12507.000000 144.019592
12508.000000 206.264267
12509.000000 126.070427
12510.000000 278.560455
12511.000000 130.712631
12512.000000 87.253281
12513.000000 177.842606
12514.000000 110.642906
12515.000000 125.488762
12516.000000 165.461182
12517.000000 137.116867
12518.000000 114.487122
12519.000000 108.592224
12520.000000 220.040985
12521.000000 153.069397
12522.000000 35.859589
12523.000000 118.918068
12524.000000 137.526855
12525.000000 408.124359
12526.000000 238.867783
12527.000000 85.052353
12528.000000 158.655457
12529.000000 137.266876
12530.000000 180.413254
12531.000000 271.582428
12532.000000 248.344849
12533.000000 205.453476
12534.000000 98.480896
12535.000000 105.938721
12536.000000 224.890778
12537.000000 200.145630
12538.000000 87.263153
12539.000000 106.895462
12540.000000 291.336761
12541.000000 142.894028
12542.000000 33.882244
12543.000000 45.574203
12544.000000 107.943207
12545.000000 163.037689
12546.000000 834.981140
12547.000000 1544.615234
12548.000000 1136.501831
12549.000000 1231.848145
12550.000000 882.609741
12551.000000 1293.335205
12552.000000 1037.584473
12553.000000 780.944702
12554.000000 1185.630981
12555.000000 207.261841
12556.000000 96.297920
12557.000000 119.384331
12558.000000 129.457245
12559.000000 158.274887
12560.000000 134.795441
12561.000000 56.731037
12562.000000 94.275864
12563.000000 160.827576
12564.000000 178.961197
12565.000000 263.925873
12566.000000 182.326111
12567.000000 27.679523
12568.000000 86.927383
12569.000000 94.615425
12570.000000 237.013245
12571.000000 189.750153
12572.000000 182.351563
12573.000000 125.482002
12574.000000 98.197067
12575.000000 70.705414
12576.000000 144.985687
12577.000000 112.115135
12578.000000 258.802063
12579.000000 79.537300
12580.000000 106.522774
12581.000000 169.755783
12582.000000 74.390915
12583.000000 76.725853
12584.000000 90.882446
12585.000000 135.937958
12586.000000 37.977592
12587.000000 58.493919
12588.000000 116.872604
12589.000000 35.196186
12590.000000 56.629250
12591.000000 54.461529
12592.000000 23.065294
12593.000000 123.526352
12594.000000 94.495880
12595.000000 152.447769
12596.000000 194.140030
12597.000000 125.791473
12598.000000 149.060349
12599.000000 169.032837
12600.000000 81.998085
12601.000000 25.813164
12602.000000 99.637337
12603.000000 171.755554
12604.000000 329.180817
12605.000000 381.598511
12606.000000 247.175247
12607.000000 207.293549
12608.000000 150.630325
12609.000000 209.123367
12610.000000 202.311447
12611.000000 258.235382
12612.000000 518.258484
12613.000000 784.505981
12614.000000 665.438354
12615.000000 807.240479
12616.000000 432.849518
12617.000000 414.056000
12618.000000 341.490692
12619.000000 267.038177
12620.000000 315.895203
12621.000000 573.238159
12622.000000 1154.360474
12623.000000 1661.118408
12624.000000 886.396729
12625.000000 1141.390503
12626.000000 1431.099854
12627.000000 828.609009
12628.000000 639.554321
12629.000000 614.785461
12630.000000 249.581390
12631.000000 57.200020
12632.000000 25.158169
12633.000000 46.261875
12634.000000 65.235611
12635.000000 112.486389
12636.000000 91.600212
12637.000000 207.324829
12638.000000 230.744217
12639.000000 99.631546
12640.000000 151.842239
12641.000000 212.348831
12642.000000 100.005142
12643.000000 82.729935
12644.000000 31.977560
12645.000000 244.157837
12646.000000 366.409790
12647.000000 335.638489
12648.000000 337.319977
12649.000000 291.912384
12650.000000 237.560913
12651.000000 249.075455
12652.000000 166.557144
12653.000000 69.054886
12654.000000 51.914543
12655.000000 86.509430
12656.000000 97.255875
12657.000000 40.084351
12658.000000 141.187790
12659.000000 150.857269
12660.000000 135.310791
12661.000000 101.471687
12662.000000 134.134079
12663.000000 155.473129
12664.000000 69.127769
12665.000000 57.157265
12666.000000 189.973831
12667.000000 104.068863
12668.000000 38.771534
12669.000000 206.662079
12670.000000 254.216644
12671.000000 70.124748
12672.000000 113.638611
12673.000000 144.468277
12674.000000 226.630859
12675.000000 145.068695
12676.000000 209.322998
12677.000000 154.083221
12678.000000 130.548737
12679.000000 241.036880
12680.000000 148.676636
12681.000000 166.644714
12682.000000 104.890808
12683.000000 26.238106
12684.000000 170.965683
12685.000000 219.125824
12686.000000 265.068054
12687.000000 142.301712
12688.000000 413.101471
12689.000000 276.966278
12690.000000 163.611160
12691.000000 86.793137
12692.000000 66.112289
12693.000000 228.873337
12694.000000 69.432106
12695.000000 52.657127
12696.000000 116.792389
12697.000000 185.099808
12698.000000 107.135864
12699.000000 192.662247
12700.000000 130.637421
12701.000000 214.330750
12702.000000 204.742233
12703.000000 139.183563
12704.000000 102.613106
12705.000000 78.248108
12706.000000 183.200821
12707.000000 84.092056
12708.000000 69.710182
12709.000000 122.785210
12710.000000 168.555145
12711.000000 98.288979
12712.000000 72.112518
12713.000000 118.017647
12714.000000 144.059845
12715.000000 113.265625
12716.000000 102.684875
12717.000000 198.997543
12718.000000 194.641830
12719.000000 276.761688
12720.000000 335.569641
12721.000000 177.016083
12722.000000 193.977524
12723.000000 57.004330
12724.000000 170.937912
12725.000000 128.531570
12726.000000 64.667404
12727.000000 56.398315
12728.000000 79.284622
12729.000000 140.670670
12730.000000 70.111412
12731.000000 133.402344
12732.000000 217.234695
12733.000000 278.594696
12734.000000 186.448685
12735.000000 87.165421
12736.000000 101.230042
12737.000000 135.427963
12738.000000 142.881607
12739.000000 182.613907
12740.000000 190.408539
12741.000000 269.943420
12742.000000 298.192596
12743.000000 182.721420
12744.000000 213.709534
12745.000000 197.025101
12746.000000 599.840637
12747.000000 160.378983
12748.000000 77.158173
12749.000000 544.598999
12750.000000 596.373901
12751.000000 210.949432
12752.000000 252.428040
12753.000000 154.072937
12754.000000 174.895569
12755.000000 158.008667
12756.000000 95.612114
12757.000000 92.099121
12758.000000 182.748413
12759.000000 243.947098
12760.000000 204.633301
12761.000000 179.434723
12762.000000 206.942810
12763.000000 175.573669
12764.000000 167.379105
12765.000000 153.460815
12766.000000 96.614098
12767.000000 163.689285
12768.000000 118.735527
12769.000000 87.841873
12770.000000 185.833038
12771.000000 217.779007
12772.000000 191.985321
12773.000000 231.639923
12774.000000 253.814255
12775.000000 317.484894
12776.000000 321.629669
12777.000000 314.361237
12778.000000 279.490540
12779.000000 269.884766
12780.000000 120.993309
12781.000000 161.563354
12782.000000 73.568291
12783.000000 147.032104
12784.000000 134.201141
12785.000000 90.314110
12786.000000 148.832214
12787.000000 77.468468
12788.000000 63.676773
12789.000000 125.267616
12790.000000 205.416809
12791.000000 178.845520
12792.000000 170.145874
12793.000000 252.199020
12794.000000 134.384232
12795.000000 220.119476
12796.000000 129.708664
12797.000000 78.236382
12798.000000 89.849709
12799.000000 144.309906
12800.000000 56.163742
12801.000000 74.814102
12802.000000 74.119560
12803.000000 45.852924
12804.000000 55.408295
12805.000000 96.928497
12806.000000 156.819504
12807.000000 187.119781
12808.000000 103.652817
12809.000000 87.856659
12810.000000 132.205505
12811.000000 240.506027
12812.000000 181.468979
12813.000000 88.128105
12814.000000 145.168915
12815.000000 266.247650
12816.000000 186.359360
12817.000000 100.999702
12818.000000 126.715057
12819.000000 86.325989
12820.000000 113.324883
12821.000000 138.563736
12822.000000 107.611259
12823.000000 160.745132
12824.000000 240.129684
12825.000000 256.403839
12826.000000 113.367477
12827.000000 237.399643
12828.000000 120.122780
12829.000000 305.280975
12830.000000 113.496666
12831.000000 172.686600
12832.000000 108.946999
12833.000000 57.353668
12834.000000 154.305847
12835.000000 183.318970
12836.000000 136.262222
12837.000000 78.631447
12838.000000 37.811039
12839.000000 98.082710
12840.000000 91.739929
12841.000000 75.297112
12842.000000 169.068237
12843.000000 140.550766
12844.000000 84.870285
12845.000000 93.923080
12846.000000 214.670700
12847.000000 73.039948
12848.000000 230.005371
12849.000000 191.821671
12850.000000 57.889252
12851.000000 158.070358
12852.000000 116.274109
12853.000000 195.929962
12854.000000 150.216751
12855.000000 147.778732
12856.000000 76.706505
12857.000000 173.725830
12858.000000 125.027771
12859.000000 176.026459
12860.000000 108.390450
12861.000000 153.972931
12862.000000 155.841248
12863.000000 156.270508
12864.000000 175.077271
12865.000000 129.892181
12866.000000 104.830795
12867.000000 55.049671
12868.000000 45.806225
12869.000000 158.964920
12870.000000 96.359550
12871.000000 130.881485
12872.000000 160.010345
12873.000000 100.863815
12874.000000 117.954056
12875.000000 82.814613
12876.000000 138.348557
12877.000000 220.099136
12878.000000 244.579666
12879.000000 188.017242
12880.000000 202.954636
12881.000000 181.496445
12882.000000 263.410645
12883.000000 187.378693
12884.000000 59.770420
12885.000000 175.350098
12886.000000 145.863632
12887.000000 103.582878
12888.000000 179.187531
12889.000000 151.488190
12890.000000 126.235931
12891.000000 177.717422
12892.000000 306.889557
12893.000000 189.901947
12894.000000 196.995468
12895.000000 150.654037
12896.000000 34.284294
12897.000000 93.753365
12898.000000 57.556625
12899.000000 71.266319
12900.000000 115.902977
12901.000000 90.376228
12902.000000 53.841728
12903.000000 122.332794
12904.000000 239.514816
12905.000000 139.704788
12906.000000 327.963898
12907.000000 284.734467
12908.000000 292.325470
12909.000000 331.296478
12910.000000 360.379395
12911.000000 374.587738
12912.000000 281.829590
12913.000000 329.194672
12914.000000 189.311478
12915.000000 223.466537
12916.000000 123.091896
12917.000000 315.847839
12918.000000 166.579773
12919.000000 134.254929
12920.000000 151.199310
12921.000000 138.433609
12922.000000 102.907188
12923.000000 96.886200
12924.000000 183.083984
12925.000000 64.743958
12926.000000 95.248825
12927.000000 139.156906
12928.000000 144.532913
12929.000000 157.887344
12930.000000 248.950531
12931.000000 96.441948
12932.000000 114.117172
12933.000000 163.996582
12934.000000 144.198288
12935.000000 143.041794
12936.000000 227.703201
12937.000000 78.593559
12938.000000 141.014343
12939.000000 255.645569
12940.000000 178.744736
12941.000000 174.761429
12942.000000 134.659561
12943.000000 79.851616
12944.000000 174.574829
12945.000000 140.934418
12946.000000 158.875534
12947.000000 136.603699
12948.000000 280.131226
12949.000000 155.879730
12950.000000 209.395920
12951.000000 101.677338
12952.000000 124.450882
12953.000000 265.467316
12954.000000 316.195282
12955.000000 223.576721
12956.000000 138.137344
12957.000000 128.383545
12958.000000 224.691162
12959.000000 189.141800
12960.000000 71.457527
12961.000000 50.815601
12962.000000 34.270786
12963.000000 159.831436
12964.000000 184.758102
12965.000000 82.774391
12966.000000 80.360794
12967.000000 85.064369
12968.000000 170.332794
12969.000000 93.602852
12970.000000 236.327026
12971.000000 360.606903
12972.000000 237.730865
12973.000000 146.857635
12974.000000 94.262962
12975.000000 148.261032
12976.000000 122.852219
12977.000000 85.570129
12978.000000 73.988556
12979.000000 160.976776
12980.000000 122.679626
12981.000000 84.727615
12982.000000 64.453156
12983.000000 190.314621
12984.000000 121.786102
12985.000000 151.102402
12986.000000 140.332916
12987.000000 162.061584
12988.000000 105.955002
12989.000000 122.796059
12990.000000 303.300140
12991.000000 118.674400
12992.000000 131.811371
12993.000000 106.182312
12994.000000 236.262604
12995.000000 92.036133
12996.000000 45.769714
12997.000000 115.988838
12998.000000 128.985596
12999.000000 123.608101
13000.000000 117.400497
13001.000000 112.350075
13002.000000 90.495346
13003.000000 167.269104
13004.000000 95.976433
13005.000000 149.983246
13006.000000 180.890518
13007.000000 203.772034
13008.000000 176.797028
13009.000000 131.585983
13010.000000 126.437080
13011.000000 204.528381
13012.000000 189.976624
13013.000000 94.493309
13014.000000 131.634201
13015.000000 210.064270
13016.000000 149.317764
13017.000000 202.599808
13018.000000 158.436844
13019.000000 88.822601
13020.000000 88.616013
13021.000000 65.084526
13022.000000 140.590286
13023.000000 231.681778
13024.000000 241.290939
13025.000000 277.905609
13026.000000 282.994476
13027.000000 161.787430
13028.000000 76.092697
13029.000000 83.162781
13030.000000 122.569122
13031.000000 177.957245
13032.000000 100.824768
13033.000000 132.651382
13034.000000 240.081619
13035.000000 237.160767
13036.000000 169.896271
13037.000000 106.616493
13038.000000 186.440826
13039.000000 267.917450
13040.000000 245.210526
13041.000000 365.235779
13042.000000 512.454224
13043.000000 719.168396
13044.000000 1314.435059
13045.000000 1698.882324
13046.000000 1838.915405
13047.000000 1812.830444
13048.000000 1510.002563
13049.000000 1486.480835
13050.000000 1566.086670
13051.000000 1789.192505
13052.000000 1040.957642
13053.000000 729.625671
13054.000000 460.134460
13055.000000 326.946777
13056.000000 348.544922
13057.000000 309.838440
13058.000000 89.207939
13059.000000 108.482605
13060.000000 208.537186
13061.000000 411.984070
13062.000000 184.910904
13063.000000 111.854034
13064.000000 163.518967
13065.000000 138.858566
13066.000000 269.547241
13067.000000 188.925964
13068.000000 86.771355
13069.000000 100.921150
13070.000000 194.696304
13071.000000 209.005447
13072.000000 186.416351
13073.000000 197.592865
13074.000000 264.119293
13075.000000 192.768555
13076.000000 259.974579
13077.000000 345.292084
13078.000000 343.651550
13079.000000 398.217865
13080.000000 214.113297
13081.000000 157.840790
13082.000000 197.989639
13083.000000 275.188110
13084.000000 341.165710
13085.000000 315.636658
13086.000000 186.107101
13087.000000 154.153442
13088.000000 195.396866
13089.000000 224.230316
13090.000000 119.977356
13091.000000 193.779312
13092.000000 242.608780
13093.000000 157.684998
13094.000000 185.723892
13095.000000 130.940216
13096.000000 136.255981
13097.000000 133.024414
13098.000000 123.618057
13099.000000 179.057831
13100.000000 185.236343
13101.000000 148.491455
13102.000000 83.864281
13103.000000 226.350327
13104.000000 450.338440
13105.000000 340.032196
13106.000000 344.589752
13107.000000 191.328186
13108.000000 128.725449
13109.000000 39.356613
13110.000000 146.391693
13111.000000 345.749115
13112.000000 299.701416
13113.000000 127.703896
13114.000000 128.287170
13115.000000 130.940582
13116.000000 142.801468
13117.000000 126.396477
13118.000000 124.033211
13119.000000 136.950027
13120.000000 199.119873
13121.000000 75.433479
13122.000000 166.174850
13123.000000 99.265312
13124.000000 192.438843
13125.000000 167.558044
13126.000000 157.546021
13127.000000 219.561874
13128.000000 199.536057
13129.000000 227.230927
13130.000000 188.687164
13131.000000 249.538589
13132.000000 136.415802
13133.000000 73.111923
13134.000000 90.490753
13135.000000 89.038826
13136.000000 150.071960
13137.000000 211.483658
13138.000000 50.198448
13139.000000 96.342270
13140.000000 179.782806
13141.000000 120.176727
13142.000000 138.986420
13143.000000 88.500107
13144.000000 155.324142
13145.000000 167.293365
13146.000000 124.595688
13147.000000 145.774780
13148.000000 83.478577
13149.000000 172.736420
13150.000000 176.953293
13151.000000 77.015083
13152.000000 188.938431
13153.000000 110.125198
13154.000000 217.479187
13155.000000 159.446075
13156.000000 151.740021
13157.000000 200.901398
13158.000000 147.989288
13159.000000 240.484467
13160.000000 339.032074
13161.000000 279.537384
13162.000000 41.634041
13163.000000 151.410110
13164.000000 242.151001
13165.000000 232.514496
13166.000000 77.895180
13167.000000 164.831573
13168.000000 100.386551
13169.000000 110.524445
13170.000000 49.364410
13171.000000 150.128632
13172.000000 103.809677
13173.000000 123.163170
13174.000000 79.048782
13175.000000 103.072723
13176.000000 207.943497
13177.000000 138.892624
13178.000000 339.448425
13179.000000 554.436768
13180.000000 846.613342
13181.000000 1128.825317
13182.000000 1457.559204
13183.000000 1960.946777
13184.000000 2019.899658
13185.000000 1904.308594
13186.000000 1746.715332
13187.000000 1476.546021
13188.000000 1299.360474
13189.000000 803.653442
13190.000000 779.817627
13191.000000 438.417358
13192.000000 312.078369
13193.000000 331.750732
13194.000000 261.518433
13195.000000 216.581757
13196.000000 215.242844
13197.000000 245.879608
13198.000000 112.573097
13199.000000 126.881058
13200.000000 293.174805
13201.000000 169.269470
13202.000000 102.147408
13203.000000 80.194176
13204.000000 216.147522
13205.000000 274.967346
13206.000000 236.353088
13207.000000 244.255035
13208.000000 287.731201
13209.000000 176.372803
13210.000000 148.088089
13211.000000 147.644699
13212.000000 302.640778
13213.000000 303.881317
13214.000000 400.321136
13215.000000 286.365631
13216.000000 306.344391
13217.000000 250.975372
13218.000000 226.270203
13219.000000 215.536514
13220.000000 144.573105
13221.000000 166.037262
13222.000000 128.257080
13223.000000 168.887054
13224.000000 178.296738
13225.000000 128.516678
13226.000000 218.796082
13227.000000 242.155701
13228.000000 211.205383
13229.000000 154.442596
13230.000000 223.036270
13231.000000 181.554016
13232.000000 117.927864
13233.000000 118.702744
13234.000000 105.525543
13235.000000 100.519150
13236.000000 25.388447
13237.000000 41.793903
13238.000000 93.654556
13239.000000 30.719774
13240.000000 97.335449
13241.000000 61.020206
13242.000000 96.787933
13243.000000 114.699883
13244.000000 272.483887
13245.000000 228.011871
13246.000000 69.370377
13247.000000 104.485336
13248.000000 189.232834
13249.000000 187.576492
13250.000000 239.202560
13251.000000 272.826996
13252.000000 198.168503
13253.000000 216.635635
13254.000000 269.887543
13255.000000 168.134064
13256.000000 73.540878
13257.000000 158.190262
13258.000000 196.154282
13259.000000 118.252861
13260.000000 127.006783
13261.000000 102.798897
13262.000000 131.123642
13263.000000 82.402321
13264.000000 53.522690
13265.000000 74.216072
13266.000000 117.697983
13267.000000 138.496735
13268.000000 27.171965
13269.000000 80.201195
13270.000000 252.252228
13271.000000 169.583435
13272.000000 61.892891
13273.000000 158.329285
13274.000000 73.489540
13275.000000 145.726028
13276.000000 165.844269
13277.000000 87.377472
13278.000000 111.227646
13279.000000 219.866608
13280.000000 266.608459
13281.000000 261.237885
13282.000000 108.535339
13283.000000 51.027702
13284.000000 51.368835
13285.000000 126.405014
13286.000000 45.193237
13287.000000 133.954315
13288.000000 111.805626
13289.000000 86.533913
13290.000000 101.902924
13291.000000 155.814087
13292.000000 118.564339
13293.000000 62.782478
13294.000000 71.827530
13295.000000 114.857880
13296.000000 145.294876
13297.000000 140.863037
13298.000000 132.840942
13299.000000 143.107986
13300.000000 85.135193
13301.000000 225.206284
13302.000000 284.249115
13303.000000 198.337143
13304.000000 150.192749
13305.000000 244.723419
13306.000000 279.182739
13307.000000 234.552689
13308.000000 102.408463
13309.000000 125.294136
13310.000000 92.504692
13311.000000 65.839043
13312.000000 140.426224
13313.000000 88.541870
13314.000000 203.980392
13315.000000 489.351349
13316.000000 1067.472534
13317.000000 1886.744751
13318.000000 3106.711426
13319.000000 4292.935059
13320.000000 4656.475098
13321.000000 5566.086426
13322.000000 5483.274902
13323.000000 5202.009277
13324.000000 4353.147949
13325.000000 3261.302246
13326.000000 2581.728027
13327.000000 1566.621094
13328.000000 1233.668579
13329.000000 867.302063
13330.000000 526.787903
13331.000000 545.909119
13332.000000 279.810394
13333.000000 233.423859
13334.000000 281.420258
13335.000000 229.832855
13336.000000 248.372330
13337.000000 311.505981
13338.000000 139.368073
13339.000000 257.748596
13340.000000 297.098907
13341.000000 319.314209
13342.000000 353.810608
13343.000000 504.865234
13344.000000 302.426514
13345.000000 272.039154
13346.000000 366.125732
13347.000000 330.106873
13348.000000 470.567200
13349.000000 386.596008
13350.000000 509.215637
13351.000000 629.049988
13352.000000 413.442322
13353.000000 640.036926
13354.000000 788.815247
13355.000000 719.253479
13356.000000 756.725891
13357.000000 843.421814
13358.000000 425.395050
13359.000000 367.901611
13360.000000 517.212708
13361.000000 472.505432
13362.000000 627.716309
13363.000000 812.565918
13364.000000 775.884155
13365.000000 573.356323
13366.000000 370.450958
13367.000000 487.438049
13368.000000 320.294281
13369.000000 250.367844
13370.000000 246.959671
13371.000000 169.120117
13372.000000 111.188683
13373.000000 225.355789
13374.000000 133.249634
13375.000000 164.149521
13376.000000 179.176331
13377.000000 300.289215
13378.000000 100.384552
13379.000000 264.391785
13380.000000 311.323914
13381.000000 282.670013
13382.000000 477.373505
13383.000000 219.838379
13384.000000 123.590302
13385.000000 345.268311
13386.000000 199.502365
13387.000000 229.839584
13388.000000 311.210815
13389.000000 257.719421
13390.000000 289.593811
13391.000000 147.628906
13392.000000 106.179588
13393.000000 171.575745
13394.000000 208.168808
13395.000000 186.207901
13396.000000 246.023468
13397.000000 159.305908
13398.000000 191.578735
13399.000000 157.511826
13400.000000 123.014748
13401.000000 159.763977
13402.000000 203.691254
13403.000000 144.748535
13404.000000 140.856766
13405.000000 77.723846
13406.000000 108.362999
13407.000000 247.657455
13408.000000 172.344223
13409.000000 226.388702
13410.000000 201.033325
13411.000000 325.329590
13412.000000 242.104202
13413.000000 120.379913
13414.000000 180.287445
13415.000000 112.946533
13416.000000 260.085266
13417.000000 179.778214
13418.000000 158.105682
13419.000000 151.700882
13420.000000 250.369507
13421.000000 365.145111
13422.000000 323.853943
13423.000000 159.398468
13424.000000 103.089897
13425.000000 161.761673
13426.000000 206.550293
13427.000000 238.585724
13428.000000 215.222015
13429.000000 175.619492
13430.000000 246.501556
13431.000000 220.147522
13432.000000 155.485779
13433.000000 202.865723
13434.000000 161.147583
13435.000000 157.983047
13436.000000 172.552979
13437.000000 130.969284
13438.000000 120.761803
13439.000000 78.073967
13440.000000 68.107384
13441.000000 131.680832
13442.000000 245.593414
13443.000000 107.652588
13444.000000 126.143257
13445.000000 93.877899
13446.000000 39.871105
13447.000000 143.052994
13448.000000 316.395416
13449.000000 90.558586
13450.000000 106.621941
13451.000000 148.629135
13452.000000 220.015915
13453.000000 196.668091
13454.000000 188.002487
13455.000000 287.969727
13456.000000 316.300262
13457.000000 332.624237
13458.000000 403.264801
13459.000000 503.661835
13460.000000 334.349335
13461.000000 409.606567
13462.000000 352.332306
13463.000000 190.494202
13464.000000 273.697815
13465.000000 286.595093
13466.000000 366.814758
13467.000000 241.642487
13468.000000 241.320831
13469.000000 283.845276
13470.000000 271.047607
13471.000000 143.465729
13472.000000 63.327213
13473.000000 55.513622
13474.000000 76.450768
13475.000000 199.595734
13476.000000 114.895874
13477.000000 209.950211
13478.000000 243.881912
13479.000000 238.853821
13480.000000 218.221130
13481.000000 140.522980
13482.000000 246.698044
13483.000000 121.569611
13484.000000 165.660156
13485.000000 177.966766
13486.000000 289.299774
13487.000000 200.168091
13488.000000 111.321480
13489.000000 334.654358
13490.000000 236.612671
13491.000000 234.899368
13492.000000 257.001984
13493.000000 185.659592
13494.000000 240.559189
13495.000000 139.535294
13496.000000 191.443375
13497.000000 209.064163
13498.000000 102.607529
13499.000000 105.519638
13500.000000 213.100677
13501.000000 147.290222
13502.000000 227.123856
13503.000000 265.663177
13504.000000 151.052002
13505.000000 175.821716
13506.000000 221.828995
13507.000000 157.536194
13508.000000 177.399628
13509.000000 186.843079
13510.000000 213.088974
13511.000000 124.607185
13512.000000 168.764954
13513.000000 209.123795
13514.000000 193.452545
13515.000000 142.146698
13516.000000 252.133423
13517.000000 169.793686
13518.000000 111.041512
13519.000000 236.626389
13520.000000 283.325134
13521.000000 283.663544
13522.000000 254.794647
13523.000000 253.638336
13524.000000 330.275818
13525.000000 294.809082
13526.000000 217.536804
13527.000000 375.344604
13528.000000 255.813782
13529.000000 226.263901
13530.000000 310.440216
13531.000000 251.100204
13532.000000 222.727676
13533.000000 353.442871
13534.000000 284.855469
13535.000000 327.883392
13536.000000 215.603821
13537.000000 194.423553
13538.000000 258.714783
13539.000000 153.708145
13540.000000 190.837387
13541.000000 175.586502
13542.000000 134.785995
13543.000000 293.015259
13544.000000 404.153229
13545.000000 447.003357
13546.000000 329.158234
13547.000000 320.915100
13548.000000 405.720581
13549.000000 323.319244
13550.000000 374.536133
13551.000000 256.459045
13552.000000 406.140472
13553.000000 181.395599
13554.000000 136.854004
13555.000000 317.424164
13556.000000 407.121552
13557.000000 240.834061
13558.000000 383.184113
13559.000000 251.571991
13560.000000 159.203232
13561.000000 270.598572
13562.000000 241.561768
13563.000000 321.278076
13564.000000 327.630951
13565.000000 342.908875
13566.000000 281.763580
13567.000000 466.979218
13568.000000 373.591339
13569.000000 360.341949
13570.000000 428.631073
13571.000000 567.661804
13572.000000 535.833069
13573.000000 385.123322
13574.000000 363.192291
13575.000000 663.582703
13576.000000 757.747131
13577.000000 745.242798
13578.000000 830.302490
13579.000000 877.841187
13580.000000 770.968567
13581.000000 897.548767
13582.000000 940.185791
13583.000000 763.676697
13584.000000 554.598572
13585.000000 607.965820
13586.000000 436.419128
13587.000000 1097.841064
13588.000000 1588.172485
13589.000000 2587.255371
13590.000000 4805.820801
13591.000000 7579.832031
13592.000000 5427.942871
13593.000000 8480.587891
13594.000000 10781.203125
13595.000000 7846.864258
13596.000000 7530.458496
13597.000000 9727.656250
13598.000000 8595.676758
13599.000000 9156.366211
13600.000000 6770.010254
13601.000000 5599.407227
13602.000000 6876.056641
13603.000000 4756.774902
13604.000000 3387.860596
13605.000000 2599.006592
13606.000000 2036.946899
13607.000000 2070.760498
13608.000000 2033.468384
13609.000000 1682.978882
13610.000000 1433.251709
13611.000000 1568.556274
13612.000000 1758.394897
13613.000000 1774.102661
13614.000000 1864.068970
13615.000000 2182.650635
13616.000000 2417.819824
13617.000000 2236.342773
13618.000000 1803.457886
13619.000000 1752.517334
13620.000000 1767.392700
13621.000000 1422.107300
13622.000000 1279.996948
13623.000000 2013.502808
13624.000000 2374.595215
13625.000000 3270.713379
13626.000000 3805.667969
13627.000000 3886.551758
13628.000000 3944.199219
13629.000000 3599.689209
13630.000000 3355.814697
13631.000000 2923.604248
13632.000000 2181.836670
13633.000000 2139.575684
13634.000000 2259.387207
13635.000000 2212.799316
13636.000000 2383.593994
13637.000000 2429.820557
13638.000000 2822.309814
13639.000000 3081.315918
13640.000000 2494.544189
13641.000000 2496.602051
13642.000000 2216.266357
13643.000000 1624.897827
13644.000000 1431.614136
13645.000000 1098.222046
13646.000000 826.522400
13647.000000 494.303406
13648.000000 609.803101
13649.000000 516.327515
13650.000000 378.263062
13651.000000 515.225464
13652.000000 553.150513
13653.000000 616.875183
13654.000000 729.896301
13655.000000 799.852966
13656.000000 881.688965
13657.000000 795.489929
13658.000000 794.424072
13659.000000 1167.232422
13660.000000 1302.119385
13661.000000 1261.821411
13662.000000 1154.712524
13663.000000 930.284485
13664.000000 806.880310
13665.000000 991.096375
13666.000000 884.316650
13667.000000 626.945679
13668.000000 555.731262
13669.000000 642.757996
13670.000000 785.111755
13671.000000 617.656616
13672.000000 620.532227
13673.000000 620.923279
13674.000000 490.431885
13675.000000 430.749939
13676.000000 434.047913
13677.000000 448.150696
13678.000000 338.121674
13679.000000 263.081696
13680.000000 358.034607
13681.000000 236.965881
13682.000000 284.234741
13683.000000 285.654022
13684.000000 514.206787
13685.000000 515.786926
13686.000000 555.144775
13687.000000 382.439240
13688.000000 330.299072
13689.000000 388.254883
13690.000000 381.825867
13691.000000 277.037598
13692.000000 353.665466
13693.000000 411.128174
13694.000000 335.530029
13695.000000 523.981506
13696.000000 532.242493
13697.000000 499.291595
13698.000000 550.092102
13699.000000 458.006683
13700.000000 468.462921
13701.000000 334.861176
13702.000000 357.259796
13703.000000 451.868195
13704.000000 365.691681
13705.000000 305.452759
13706.000000 204.316193
13707.000000 417.759186
13708.000000 277.715820
13709.000000 377.182983
13710.000000 460.892670
13711.000000 357.930328
13712.000000 363.180634
13713.000000 471.862244
13714.000000 507.391357
13715.000000 280.292847
13716.000000 193.097183
13717.000000 95.465668
13718.000000 174.623901
13719.000000 249.017273
13720.000000 274.791351
13721.000000 270.617401
13722.000000 281.758423
13723.000000 289.848572
13724.000000 163.608582
13725.000000 144.595871
13726.000000 131.046219
13727.000000 283.539063
13728.000000 355.249023
13729.000000 289.485046
13730.000000 260.036163
13731.000000 243.855545
13732.000000 327.682953
13733.000000 307.838959
13734.000000 377.673187
13735.000000 196.246735
13736.000000 204.469971
13737.000000 286.553680
13738.000000 208.417603
13739.000000 163.086456
13740.000000 117.350227
13741.000000 235.770325
13742.000000 285.650970
13743.000000 268.891357
13744.000000 254.635071
13745.000000 182.318726
13746.000000 161.724152
13747.000000 116.669930
13748.000000 125.902115
13749.000000 188.499344
13750.000000 258.994415
13751.000000 197.649292
13752.000000 314.535889
13753.000000 480.692505
13754.000000 189.898987
13755.000000 239.101349
13756.000000 237.538773
13757.000000 215.647949
13758.000000 210.413528
13759.000000 135.074356
13760.000000 96.901176
13761.000000 166.824036
13762.000000 101.865829
13763.000000 66.304153
13764.000000 60.358486
13765.000000 199.180405
13766.000000 300.872894
13767.000000 264.711365
13768.000000 152.551193
13769.000000 182.364899
13770.000000 197.114349
13771.000000 312.622040
13772.000000 229.706375
13773.000000 314.660034
13774.000000 260.279236
13775.000000 316.230438
13776.000000 237.183075
13777.000000 249.245270
13778.000000 115.607727
13779.000000 170.864197
13780.000000 153.172928
13781.000000 221.621689
13782.000000 271.795013
13783.000000 155.012146
13784.000000 145.112305
13785.000000 146.593948
13786.000000 340.459869
13787.000000 190.113968
13788.000000 136.526199
13789.000000 55.502441
13790.000000 87.757858
13791.000000 91.906265
13792.000000 40.266907
13793.000000 123.033730
13794.000000 187.685532
13795.000000 101.630875
13796.000000 247.909439
13797.000000 185.853287
13798.000000 274.971649
13799.000000 151.165359
13800.000000 190.419464
13801.000000 155.068878
13802.000000 133.693634
13803.000000 255.949158
13804.000000 172.763428
13805.000000 225.363083
13806.000000 188.047943
13807.000000 197.172226
13808.000000 268.635773
13809.000000 90.569046
13810.000000 140.652893
13811.000000 150.975235
13812.000000 131.023361
13813.000000 119.873474
13814.000000 261.056427
13815.000000 176.643021
13816.000000 153.002426
13817.000000 160.047211
13818.000000 249.900757
13819.000000 266.835938
13820.000000 85.232765
13821.000000 54.501728
13822.000000 138.398697
13823.000000 230.078384
13824.000000 131.673950
13825.000000 237.245728
13826.000000 105.634468
13827.000000 62.864323
13828.000000 110.372879
13829.000000 181.684479
13830.000000 161.641449
13831.000000 161.022415
13832.000000 206.794815
13833.000000 155.944122
13834.000000 133.302109
13835.000000 177.476425
13836.000000 220.030762
13837.000000 227.928070
13838.000000 90.548454
13839.000000 114.942650
13840.000000 132.800156
13841.000000 210.104782
13842.000000 156.696686
13843.000000 88.425362
13844.000000 115.401634
13845.000000 190.186401
13846.000000 179.360062
13847.000000 290.344055
13848.000000 97.044693
13849.000000 163.661484
13850.000000 216.912216
13851.000000 163.654190
13852.000000 239.528320
13853.000000 256.442963
13854.000000 276.327393
13855.000000 424.196198
13856.000000 205.097855
13857.000000 151.871140
13858.000000 170.482880
13859.000000 168.089676
13860.000000 221.648148
13861.000000 180.264465
13862.000000 88.548759
13863.000000 167.928497
13864.000000 74.670944
13865.000000 107.218887
13866.000000 75.646957
13867.000000 74.175735
13868.000000 196.463531
13869.000000 115.986336
13870.000000 97.104050
13871.000000 191.141083
13872.000000 170.458969
13873.000000 166.356918
13874.000000 139.692429
13875.000000 160.753479
13876.000000 110.300591
13877.000000 94.996552
13878.000000 182.335510
13879.000000 202.206635
13880.000000 166.525299
13881.000000 124.719543
13882.000000 266.242645
13883.000000 216.929413
13884.000000 252.967422
13885.000000 133.441330
13886.000000 170.071045
13887.000000 235.330582
13888.000000 167.399628
13889.000000 130.406616
13890.000000 182.887024
13891.000000 256.138763
13892.000000 134.679871
13893.000000 121.612213
13894.000000 119.485741
13895.000000 153.528809
13896.000000 194.652832
13897.000000 132.726486
13898.000000 108.203049
13899.000000 177.951599
13900.000000 191.907822
13901.000000 117.467941
13902.000000 148.980698
13903.000000 184.095551
13904.000000 70.032753
13905.000000 95.274734
13906.000000 109.053322
13907.000000 66.665215
13908.000000 148.968185
13909.000000 117.958466
13910.000000 208.467209
13911.000000 259.287231
13912.000000 102.923866
13913.000000 161.432373
13914.000000 130.535446
13915.000000 152.643982
13916.000000 43.988823
13917.000000 101.327995
13918.000000 83.252869
13919.000000 136.050034
13920.000000 125.296921
13921.000000 317.108063
13922.000000 185.053772
13923.000000 131.225479
13924.000000 159.675934
13925.000000 141.697205
13926.000000 104.784355
13927.000000 310.926727
13928.000000 196.646805
13929.000000 143.218246
13930.000000 183.509140
13931.000000 224.604568
13932.000000 311.884369
13933.000000 158.149002
13934.000000 149.882813
13935.000000 149.851807
13936.000000 120.725861
13937.000000 97.153435
13938.000000 159.429108
13939.000000 234.320816
13940.000000 169.275772
13941.000000 189.234970
13942.000000 200.673264
13943.000000 200.223343
13944.000000 267.239716
13945.000000 179.473801
13946.000000 89.389435
13947.000000 197.027618
13948.000000 178.418381
13949.000000 87.136162
13950.000000 67.835732
13951.000000 130.242981
13952.000000 162.706558
13953.000000 240.431198
13954.000000 222.175079
13955.000000 198.854019
13956.000000 157.399460
13957.000000 342.620148
13958.000000 220.398056
13959.000000 69.934525
13960.000000 87.067818
13961.000000 139.154785
13962.000000 53.050140
13963.000000 93.273506
13964.000000 122.168541
13965.000000 28.830072
13966.000000 66.745316
13967.000000 51.510124
13968.000000 64.908882
13969.000000 84.340065
13970.000000 90.233337
13971.000000 32.855309
13972.000000 94.476906
13973.000000 99.305092
13974.000000 107.028275
13975.000000 149.516617
13976.000000 103.640739
13977.000000 61.138882
13978.000000 88.414459
13979.000000 118.870445
13980.000000 156.920944
13981.000000 132.659210
13982.000000 50.130222
13983.000000 123.679047
13984.000000 244.819321
13985.000000 105.131012
13986.000000 102.259468
13987.000000 63.043591
13988.000000 206.881073
13989.000000 187.442795
13990.000000 113.928223
13991.000000 93.847252
13992.000000 61.606609
13993.000000 137.480148
13994.000000 208.521912
13995.000000 124.154922
13996.000000 50.261368
13997.000000 43.008503
13998.000000 104.909157
13999.000000 101.249992
14000.000000 93.147797
14001.000000 150.464813
14002.000000 169.114105
14003.000000 205.365005
14004.000000 193.767410
14005.000000 67.822594
14006.000000 350.590668
14007.000000 285.220062
14008.000000 249.356522
14009.000000 135.582932
14010.000000 113.097084
14011.000000 95.568138
14012.000000 208.356522
14013.000000 179.557114
14014.000000 176.581955
14015.000000 173.027832
14016.000000 63.902657
14017.000000 119.035500
14018.000000 165.733032
14019.000000 230.693115
14020.000000 258.322632
14021.000000 159.802948
14022.000000 176.033264
14023.000000 117.871170
14024.000000 84.676590
14025.000000 61.566692
14026.000000 146.393463
14027.000000 165.034195
14028.000000 143.722916
14029.000000 206.589111
14030.000000 172.983887
14031.000000 137.644165
14032.000000 152.044174
14033.000000 180.794128
14034.000000 83.195267
14035.000000 264.741699
14036.000000 130.832016
14037.000000 140.145828
14038.000000 129.342743
14039.000000 173.272293
14040.000000 41.742649
14041.000000 96.841293
14042.000000 179.154007
14043.000000 294.541779
14044.000000 187.251221
14045.000000 302.760315
14046.000000 299.322052
14047.000000 269.683228
14048.000000 235.533493
14049.000000 163.822800
14050.000000 119.996681
14051.000000 76.000687
14052.000000 64.163879
14053.000000 167.329514
14054.000000 171.097717
14055.000000 198.402725
14056.000000 214.997345
14057.000000 46.091446
14058.000000 84.155357
14059.000000 89.781975
14060.000000 175.725433
14061.000000 227.348862
14062.000000 221.162140
14063.000000 103.941528
14064.000000 246.880463
14065.000000 253.685623
14066.000000 209.659180
14067.000000 308.613708
14068.000000 158.090347
14069.000000 137.099945
14070.000000 191.306778
14071.000000 149.510468
14072.000000 132.010971
14073.000000 149.555573
14074.000000 150.804108
14075.000000 124.803131
14076.000000 180.636566
14077.000000 263.391113
14078.000000 270.358765
14079.000000 217.586197
14080.000000 49.019547
14081.000000 209.218567
14082.000000 359.476349
14083.000000 244.568314
14084.000000 135.046783
14085.000000 106.187996
14086.000000 163.776810
14087.000000 205.106491
14088.000000 166.888748
14089.000000 223.629562
14090.000000 112.926422
14091.000000 79.856781
14092.000000 354.916840
14093.000000 90.264717
14094.000000 163.469376
14095.000000 238.834854
14096.000000 305.480377
14097.000000 221.967056
14098.000000 285.402344
14099.000000 163.381287
14100.000000 266.035126
14101.000000 216.790100
14102.000000 271.802460
14103.000000 310.174469
14104.000000 155.630798
14105.000000 86.018547
14106.000000 153.759308
14107.000000 161.901382
14108.000000 133.158737
14109.000000 183.997360
14110.000000 95.106079
14111.000000 194.509735
14112.000000 314.452362
14113.000000 224.038040
14114.000000 107.732941
14115.000000 184.300598
14116.000000 167.773422
14117.000000 79.456596
14118.000000 254.263351
14119.000000 359.850769
14120.000000 99.413719
14121.000000 78.757935
14122.000000 131.720810
14123.000000 276.490021
14124.000000 372.551636
14125.000000 382.337433
14126.000000 171.210007
14127.000000 123.885284
14128.000000 64.210701
14129.000000 53.047821
14130.000000 213.349579
14131.000000 260.823547
14132.000000 142.186630
14133.000000 140.848770
14134.000000 86.851837
14135.000000 188.841003
14136.000000 206.450058
14137.000000 159.684708
14138.000000 197.774689
14139.000000 124.710091
14140.000000 244.480209
14141.000000 245.936462
14142.000000 553.880066
14143.000000 505.250305
14144.000000 271.186951
14145.000000 211.696838
14146.000000 256.033600
14147.000000 189.687531
14148.000000 314.845581
14149.000000 273.137299
14150.000000 71.714317
14151.000000 149.477859
14152.000000 179.723175
14153.000000 157.406784
14154.000000 271.625275
14155.000000 433.814362
14156.000000 218.214935
14157.000000 141.448624
14158.000000 267.049530
14159.000000 227.045853
14160.000000 281.183624
14161.000000 290.205505
14162.000000 159.360062
14163.000000 218.904221
14164.000000 239.709625
14165.000000 112.799835
14166.000000 167.834198
14167.000000 97.484688
14168.000000 233.726593
14169.000000 171.704727
14170.000000 203.437271
14171.000000 171.615997
14172.000000 174.386566
14173.000000 262.324585
14174.000000 310.501740
14175.000000 300.283173
14176.000000 185.346146
14177.000000 120.639038
14178.000000 131.429260
14179.000000 230.550461
14180.000000 270.967560
14181.000000 173.702682
14182.000000 124.896935
14183.000000 139.117157
14184.000000 76.824944
14185.000000 299.873047
14186.000000 297.362518
14187.000000 451.711670
14188.000000 483.713379
14189.000000 205.414108
14190.000000 138.513428
14191.000000 154.645523
14192.000000 234.120621
14193.000000 260.012451
14194.000000 256.518402
14195.000000 98.878387
14196.000000 102.532043
14197.000000 145.143433
14198.000000 65.813164
14199.000000 121.408920
14200.000000 224.310715
14201.000000 239.657440
14202.000000 330.873840
14203.000000 261.986877
14204.000000 232.903992
14205.000000 166.802338
14206.000000 255.363815
14207.000000 246.205002
14208.000000 324.820618
14209.000000 154.309708
14210.000000 150.319885
14211.000000 122.769493
14212.000000 181.998596
14213.000000 251.863281
14214.000000 148.381119
14215.000000 120.085991
14216.000000 116.537193
14217.000000 174.891037
14218.000000 205.287689
14219.000000 288.884491
14220.000000 194.033112
14221.000000 136.239700
14222.000000 160.564163
14223.000000 105.646042
14224.000000 240.701355
14225.000000 326.935394
14226.000000 233.210449
14227.000000 166.237305
14228.000000 153.775620
14229.000000 104.633736
14230.000000 105.767212
14231.000000 24.447008
14232.000000 46.987228
14233.000000 88.783928
14234.000000 199.204788
14235.000000 149.266586
14236.000000 75.206444
14237.000000 58.174007
14238.000000 109.863632
14239.000000 224.243256
14240.000000 225.368362
14241.000000 207.796280
14242.000000 345.731903
14243.000000 208.232819
14244.000000 267.728851
14245.000000 275.431580
14246.000000 162.658356
14247.000000 86.795547
14248.000000 148.568893
14249.000000 330.159363
14250.000000 189.065445
14251.000000 158.259964
14252.000000 81.802292
14253.000000 335.309052
14254.000000 229.649612
14255.000000 287.478668
14256.000000 194.055298
14257.000000 255.028519
14258.000000 330.032959
14259.000000 291.904144
14260.000000 232.420395
14261.000000 140.289490
14262.000000 278.120422
14263.000000 264.719879
14264.000000 203.449005
14265.000000 246.767044
14266.000000 344.594788
14267.000000 229.745728
14268.000000 207.018845
14269.000000 109.793480
14270.000000 64.678146
14271.000000 138.013824
14272.000000 122.349754
14273.000000 80.122116
14274.000000 100.277130
14275.000000 98.449417
14276.000000 27.887280
14277.000000 98.067780
14278.000000 173.274155
14279.000000 173.277725
14280.000000 134.499878
14281.000000 209.831863
14282.000000 83.005844
14283.000000 84.773369
14284.000000 69.824921
14285.000000 101.679031
14286.000000 96.207108
14287.000000 146.464966
14288.000000 253.804184
14289.000000 237.440048
14290.000000 230.111343
14291.000000 148.881454
14292.000000 180.295425
14293.000000 97.208725
14294.000000 102.981293
14295.000000 37.207428
14296.000000 100.556709
14297.000000 140.733597
14298.000000 58.912128
14299.000000 70.802429
14300.000000 150.183731
14301.000000 192.152893
14302.000000 248.552765
14303.000000 269.731537
14304.000000 210.216705
14305.000000 177.159058
14306.000000 107.439552
14307.000000 117.260010
14308.000000 129.560287
14309.000000 82.128601
14310.000000 285.559692
14311.000000 300.529999
14312.000000 228.419403
14313.000000 171.518127
14314.000000 123.990067
14315.000000 248.178436
14316.000000 129.508179
14317.000000 156.356949
14318.000000 135.094879
14319.000000 57.660320
14320.000000 165.463364
14321.000000 99.027306
14322.000000 198.684982
14323.000000 134.648056
14324.000000 145.595581
14325.000000 51.293930
14326.000000 214.970505
14327.000000 165.344696
14328.000000 174.101379
14329.000000 164.133972
14330.000000 68.503777
14331.000000 80.012016
14332.000000 132.542389
14333.000000 180.567459
14334.000000 246.756607
14335.000000 259.182343
14336.000000 264.810455
14337.000000 171.633133
14338.000000 113.764984
14339.000000 68.861992
14340.000000 148.242416
14341.000000 58.926140
14342.000000 94.186996
14343.000000 19.138500
14344.000000 76.416489
14345.000000 239.246292
14346.000000 265.119568
14347.000000 154.157593
14348.000000 77.160538
14349.000000 85.572258
14350.000000 115.957886
14351.000000 126.823792
14352.000000 52.335552
14353.000000 62.781261
14354.000000 145.301834
14355.000000 100.361717
14356.000000 74.081329
14357.000000 163.247238
14358.000000 216.856583
14359.000000 116.546814
14360.000000 136.049103
14361.000000 254.570404
14362.000000 317.209290
14363.000000 147.305481
14364.000000 172.173874
14365.000000 242.834961
14366.000000 118.167160
14367.000000 220.532974
14368.000000 274.268158
14369.000000 148.165176
14370.000000 202.072800
14371.000000 258.166809
14372.000000 237.928055
14373.000000 174.255325
14374.000000 135.588242
14375.000000 195.236145
14376.000000 261.222382
14377.000000 310.530182
14378.000000 142.307922
14379.000000 129.538559
14380.000000 102.218559
14381.000000 177.656418
14382.000000 137.088516
14383.000000 95.963066
14384.000000 70.205887
14385.000000 199.879562
14386.000000 80.773956
14387.000000 145.141174
14388.000000 95.703476
14389.000000 194.911301
14390.000000 322.952179
14391.000000 272.385040
14392.000000 115.569931
14393.000000 185.665833
14394.000000 219.890427
14395.000000 188.685272
14396.000000 132.639343
14397.000000 202.283096
14398.000000 105.253059
14399.000000 80.412361
14400.000000 136.720520
14401.000000 264.265778
14402.000000 253.855011
14403.000000 240.904236
14404.000000 265.641266
14405.000000 69.957138
14406.000000 117.683151
14407.000000 220.179535
14408.000000 179.594391
14409.000000 101.124405
14410.000000 189.071838
14411.000000 226.557983
14412.000000 206.615219
14413.000000 219.334259
14414.000000 215.153961
14415.000000 128.928177
14416.000000 200.493149
14417.000000 116.591888
14418.000000 217.538345
14419.000000 282.181091
14420.000000 203.689865
14421.000000 272.563354
14422.000000 221.234909
14423.000000 132.411621
14424.000000 167.162354
14425.000000 183.431458
14426.000000 145.564133
14427.000000 183.226837
14428.000000 254.017807
14429.000000 132.152481
14430.000000 122.917953
14431.000000 104.244926
14432.000000 102.527069
14433.000000 55.684895
14434.000000 40.150990
14435.000000 18.470875
14436.000000 130.182251
14437.000000 162.996048
14438.000000 245.462677
14439.000000 175.695496
14440.000000 109.136597
14441.000000 84.889503
14442.000000 126.355598
14443.000000 113.685043
14444.000000 194.776703
14445.000000 152.253860
14446.000000 196.037384
14447.000000 73.460365
14448.000000 227.768112
14449.000000 336.476929
14450.000000 89.630470
14451.000000 193.364441
14452.000000 188.168137
14453.000000 138.444839
14454.000000 207.253250
14455.000000 136.382721
14456.000000 267.492493
14457.000000 275.066742
14458.000000 141.321350
14459.000000 117.569084
14460.000000 306.046814
14461.000000 174.889984
14462.000000 241.012100
14463.000000 209.725876
14464.000000 149.419327
14465.000000 182.263992
14466.000000 187.151520
14467.000000 212.781281
14468.000000 197.524139
14469.000000 212.941422
14470.000000 229.422989
14471.000000 80.928719
14472.000000 253.534058
14473.000000 209.789124
14474.000000 202.906082
14475.000000 233.306000
14476.000000 104.132477
14477.000000 101.997116
14478.000000 244.300323
14479.000000 319.370636
14480.000000 374.437805
14481.000000 288.757904
14482.000000 233.981949
14483.000000 157.172760
14484.000000 291.211273
14485.000000 238.326752
14486.000000 108.552780
14487.000000 104.419685
14488.000000 117.992531
14489.000000 229.419098
14490.000000 173.292313
14491.000000 216.811523
14492.000000 152.933075
14493.000000 239.609344
14494.000000 243.299454
14495.000000 253.933228
14496.000000 129.023758
14497.000000 74.953072
14498.000000 196.745377
14499.000000 154.435638
14500.000000 299.380066
14501.000000 331.301544
14502.000000 460.986969
14503.000000 117.527542
14504.000000 147.861496
14505.000000 41.285446
14506.000000 112.710686
14507.000000 369.910492
14508.000000 536.587463
14509.000000 355.201080
14510.000000 92.637184
14511.000000 78.875816
14512.000000 137.622986
14513.000000 240.193451
14514.000000 293.195953
14515.000000 210.054474
14516.000000 233.102203
14517.000000 329.161652
14518.000000 171.338165
14519.000000 305.750977
14520.000000 191.555969
14521.000000 329.641571
14522.000000 358.842346
14523.000000 200.803955
14524.000000 163.586105
14525.000000 286.652100
14526.000000 177.973129
14527.000000 153.305222
14528.000000 236.238419
14529.000000 120.826553
14530.000000 156.006805
14531.000000 192.322037
14532.000000 137.844070
14533.000000 111.942596
14534.000000 54.556694
14535.000000 48.378616
14536.000000 124.241974
14537.000000 62.599606
14538.000000 62.113304
14539.000000 126.222832
14540.000000 305.670227
14541.000000 286.148071
14542.000000 220.010147
14543.000000 387.883118
14544.000000 113.830009
14545.000000 168.272842
14546.000000 136.939468
14547.000000 58.656128
14548.000000 121.612419
14549.000000 182.743881
14550.000000 291.476044
14551.000000 303.532196
14552.000000 122.688919
14553.000000 220.630814
14554.000000 180.612640
14555.000000 156.088989
14556.000000 179.029785
14557.000000 342.785583
14558.000000 158.567520
14559.000000 168.439911
14560.000000 144.943695
14561.000000 37.530052
14562.000000 322.848785
14563.000000 984.096375
14564.000000 942.227417
14565.000000 1118.581909
14566.000000 2184.907471
14567.000000 2473.304443
14568.000000 1615.345581
14569.000000 1133.089600
14570.000000 940.253601
14571.000000 495.153259
14572.000000 433.347778
14573.000000 498.716980
14574.000000 190.238342
14575.000000 68.708275
14576.000000 74.133492
14577.000000 122.700455
14578.000000 100.689064
14579.000000 168.985413
14580.000000 232.565430
14581.000000 133.614365
14582.000000 153.816589
14583.000000 197.063354
14584.000000 146.320526
14585.000000 125.181610
14586.000000 81.649765
14587.000000 159.542679
14588.000000 173.274933
14589.000000 156.293472
14590.000000 416.555542
14591.000000 223.291153
14592.000000 128.672119
14593.000000 204.818359
14594.000000 328.143341
14595.000000 268.476685
14596.000000 230.139938
14597.000000 301.552460
14598.000000 155.582520
14599.000000 100.883575
14600.000000 179.104828
14601.000000 82.659401
14602.000000 64.145988
14603.000000 183.362579
14604.000000 180.383026
14605.000000 231.779449
14606.000000 345.402069
14607.000000 409.845154
14608.000000 103.860626
14609.000000 286.668762
14610.000000 321.977875
14611.000000 284.899261
14612.000000 176.750031
14613.000000 98.804657
14614.000000 189.263412
14615.000000 132.025909
14616.000000 101.651871
14617.000000 491.503326
14618.000000 527.374329
14619.000000 298.762360
14620.000000 213.807007
14621.000000 183.855362
14622.000000 307.067017
14623.000000 257.336273
14624.000000 317.240326
14625.000000 85.728386
14626.000000 111.806480
14627.000000 92.787209
14628.000000 174.246613
14629.000000 252.268921
14630.000000 110.539787
14631.000000 188.312500
14632.000000 102.304123
14633.000000 292.749390
14634.000000 287.964142
14635.000000 130.773224
14636.000000 88.754448
14637.000000 103.072372
14638.000000 769.887451
14639.000000 601.255005
14640.000000 1400.318237
14641.000000 2486.928955
14642.000000 1697.699219
14643.000000 1878.641968
14644.000000 2481.472412
14645.000000 1152.818237
14646.000000 438.641388
14647.000000 522.820740
14648.000000 152.096725
14649.000000 13.586942
14650.000000 49.463360
14651.000000 100.399811
14652.000000 29.374710
14653.000000 28.719557
14654.000000 24.135048
14655.000000 101.187569
14656.000000 133.167679
14657.000000 101.099228
14658.000000 112.682388
14659.000000 132.213135
14660.000000 46.476158
14661.000000 88.068970
14662.000000 189.827087
14663.000000 142.989838
14664.000000 115.178612
14665.000000 57.210705
14666.000000 201.288727
14667.000000 112.378647
14668.000000 77.857086
14669.000000 219.163620
14670.000000 428.815826
14671.000000 120.433762
14672.000000 114.543961
14673.000000 156.433884
14674.000000 108.267395
14675.000000 44.333157
14676.000000 70.485428
14677.000000 132.518097
14678.000000 102.078011
14679.000000 66.942505
14680.000000 23.903749
14681.000000 37.035614
14682.000000 90.999611
14683.000000 193.773041
14684.000000 237.556000
14685.000000 249.489960
14686.000000 78.555626
14687.000000 166.111115
14688.000000 147.528763
14689.000000 159.079376
14690.000000 202.517029
14691.000000 79.664276
14692.000000 64.127090
14693.000000 210.014816
14694.000000 176.990570
14695.000000 322.374207
14696.000000 287.006622
14697.000000 118.668251
14698.000000 195.544449
14699.000000 199.219971
14700.000000 127.342087
14701.000000 82.889832
14702.000000 136.965286
14703.000000 222.530289
14704.000000 270.726318
14705.000000 197.465302
14706.000000 248.082901
14707.000000 199.864990
14708.000000 177.735275
14709.000000 190.452560
14710.000000 27.753912
14711.000000 94.012543
14712.000000 270.740570
14713.000000 201.476135
14714.000000 36.768414
14715.000000 110.720871
14716.000000 169.864304
14717.000000 150.268738
14718.000000 105.294991
14719.000000 253.824310
14720.000000 189.770157
14721.000000 61.329788
14722.000000 35.564816
14723.000000 43.323116
14724.000000 217.499268
14725.000000 1239.357178
14726.000000 989.968140
14727.000000 1418.520996
14728.000000 946.036438
14729.000000 1178.074951
14730.000000 2095.722656
14731.000000 1451.055664
14732.000000 1370.669800
14733.000000 1131.170166
14734.000000 1036.886841
14735.000000 297.781555
14736.000000 43.293022
14737.000000 115.395775
14738.000000 138.875610
14739.000000 134.785202
14740.000000 61.916538
14741.000000 79.619507
14742.000000 130.475113
14743.000000 273.612274
14744.000000 107.054657
14745.000000 58.626060
14746.000000 75.773949
14747.000000 81.108963
14748.000000 87.309143
14749.000000 167.519363
14750.000000 143.118469
14751.000000 93.975174
14752.000000 81.923409
14753.000000 34.238319
14754.000000 107.498222
14755.000000 282.539581
14756.000000 193.863174
14757.000000 146.723618
14758.000000 173.474640
14759.000000 152.924744
14760.000000 63.849537
14761.000000 89.164825
14762.000000 54.231636
14763.000000 41.399063
14764.000000 24.321125
14765.000000 72.257065
14766.000000 132.839371
14767.000000 64.507462
14768.000000 66.737411
14769.000000 121.516785
14770.000000 240.855515
14771.000000 39.990822
14772.000000 39.486752
14773.000000 34.148743
14774.000000 68.665123
14775.000000 81.970261
14776.000000 54.560616
14777.000000 124.743904
14778.000000 100.639923
14779.000000 162.467865
14780.000000 234.629272
14781.000000 168.908875
14782.000000 172.605682
14783.000000 281.590454
14784.000000 224.522537
14785.000000 200.012482
14786.000000 224.284988
14787.000000 184.100479
14788.000000 151.303711
14789.000000 94.559120
14790.000000 155.966644
14791.000000 194.053894
14792.000000 213.850006
14793.000000 140.157211
14794.000000 33.161831
14795.000000 111.301544
14796.000000 262.923187
14797.000000 93.565331
14798.000000 340.781921
14799.000000 152.483902
14800.000000 77.367256
14801.000000 59.661194
14802.000000 314.876038
14803.000000 109.433624
14804.000000 182.748260
14805.000000 138.564529
14806.000000 170.064041
14807.000000 217.195358
14808.000000 329.062195
14809.000000 178.801620
14810.000000 214.714966
14811.000000 190.454422
14812.000000 72.956490
14813.000000 100.394882
14814.000000 106.773628
14815.000000 113.008331
14816.000000 129.345123
14817.000000 77.774879
14818.000000 221.980865
14819.000000 204.394943
14820.000000 270.837036
14821.000000 183.842911
14822.000000 178.382889
14823.000000 208.922089
14824.000000 113.602264
14825.000000 99.080421
14826.000000 24.930443
14827.000000 82.123123
14828.000000 207.005661
14829.000000 878.252747
14830.000000 739.458618
14831.000000 1906.272095
14832.000000 1304.255859
14833.000000 522.577087
14834.000000 777.330261
14835.000000 420.302155
14836.000000 556.095947
14837.000000 716.083008
14838.000000 191.174133
14839.000000 95.770889
14840.000000 91.012718
14841.000000 141.609436
14842.000000 106.530632
14843.000000 134.847443
14844.000000 44.871635
14845.000000 37.445724
14846.000000 57.599258
14847.000000 73.400940
14848.000000 95.106926
14849.000000 40.418808
14850.000000 110.478432
14851.000000 139.051376
14852.000000 67.685875
14853.000000 89.403450
14854.000000 24.451382
14855.000000 199.179321
14856.000000 42.595123
14857.000000 49.189705
14858.000000 155.838699
14859.000000 97.838448
14860.000000 82.710983
14861.000000 67.765778
14862.000000 80.187157
14863.000000 69.765984
14864.000000 28.915674
14865.000000 129.688126
14866.000000 100.292648
14867.000000 26.380390
14868.000000 64.653008
14869.000000 12.814789
14870.000000 26.795992
14871.000000 13.469884
14872.000000 131.221786
14873.000000 158.012360
14874.000000 153.469254
14875.000000 107.939766
14876.000000 53.031677
14877.000000 80.395241
14878.000000 94.456848
14879.000000 48.936752
14880.000000 65.348579
14881.000000 190.566986
14882.000000 115.860703
14883.000000 39.292812
14884.000000 68.110321
14885.000000 95.405884
14886.000000 264.480621
14887.000000 122.352661
14888.000000 221.237839
14889.000000 162.300934
14890.000000 205.794174
14891.000000 253.319427
14892.000000 106.377930
14893.000000 251.362411
14894.000000 173.517624
14895.000000 84.291725
14896.000000 44.583771
14897.000000 59.526081
14898.000000 109.021660
14899.000000 70.735901
14900.000000 131.476440
14901.000000 177.291367
14902.000000 153.607056
14903.000000 157.883789
14904.000000 93.264442
14905.000000 13.965187
14906.000000 66.701256
14907.000000 106.510399
14908.000000 86.716682
14909.000000 289.764038
14910.000000 44.618958
14911.000000 125.693298
14912.000000 150.104767
14913.000000 88.421059
14914.000000 90.081841
14915.000000 475.922821
14916.000000 364.579346
14917.000000 219.940659
14918.000000 213.397110
14919.000000 134.487244
14920.000000 114.803589
14921.000000 174.017944
14922.000000 165.404160
14923.000000 234.359100
14924.000000 257.298096
14925.000000 280.493927
14926.000000 227.698105
14927.000000 280.488251
14928.000000 210.358521
14929.000000 127.238228
14930.000000 237.269012
14931.000000 214.374084
14932.000000 279.159943
14933.000000 75.215286
14934.000000 126.236145
14935.000000 152.364304
14936.000000 188.574005
14937.000000 109.929543
14938.000000 25.231827
14939.000000 60.684505
14940.000000 162.539993
14941.000000 145.180893
14942.000000 216.575821
14943.000000 203.216614
14944.000000 119.813316
14945.000000 133.506958
14946.000000 142.460129
14947.000000 369.328308
14948.000000 114.883911
14949.000000 146.906250
14950.000000 191.005997
14951.000000 538.319519
14952.000000 991.727234
14953.000000 776.934326
14954.000000 860.572571
14955.000000 1713.943115
14956.000000 1671.116943
14957.000000 1337.668213
14958.000000 1203.458008
14959.000000 1043.448364
14960.000000 385.667450
14961.000000 371.503937
14962.000000 149.350296
14963.000000 64.852257
14964.000000 68.650986
14965.000000 169.635529
14966.000000 164.870453
14967.000000 66.650154
14968.000000 46.681629
14969.000000 94.956093
14970.000000 128.930023
14971.000000 128.678986
14972.000000 130.910553
14973.000000 155.334076
14974.000000 54.737705
14975.000000 81.254120
14976.000000 131.228836
14977.000000 96.774773
14978.000000 20.706043
14979.000000 54.128334
14980.000000 111.341225
14981.000000 97.208412
14982.000000 144.428467
14983.000000 91.770172
14984.000000 148.678574
14985.000000 145.536835
14986.000000 104.894127
14987.000000 66.259544
14988.000000 74.365509
14989.000000 68.594650
14990.000000 69.967651
14991.000000 65.564636
14992.000000 73.278320
14993.000000 50.389023
14994.000000 146.426270
14995.000000 232.875473
14996.000000 71.640480
14997.000000 207.413330
14998.000000 127.825157
14999.000000 87.545120
15000.000000 45.249645
