0.000000 0.000000 0.000000 0.000000 0.000000 65.520441 102.110456 38.612743 69.954064 16.108954 40.184226 537.386113 59.077738 143.464448 0.000000 0.000000 0.000000 0.000000 0.000000 11.948903
0.000000 0.000000 0.000000 0.000000 0.000000 20.315603 28.961068 43.867105 10.876984 22.263468 12.530123 53.708527 48.651949 71.882329 57.752287 0.000000 0.000000 0.000000 3.116788 29.383463
0.000000 0.000000 0.000000 0.000000 0.000000 25.464736 52.273393 36.601699 0.000000 67.395017 39.780313 41.472408 211.578139 41.403408 2.794260 2.928745 0.000000 0.000000 0.000000 74.899611
0.000000 0.000000 0.000000 0.000000 0.000000 0.000000 16.733499 299.491263 49.701175 79.860579 93.784268 24.466469 2.332278 0.000000 47.223978 0.000000 2.899593 0.000000 0.000000 5.458227
0.000000 0.000000 0.000000 0.000000 0.000000 0.000000 347.606443 39.971951 33.159717 17.365292 39.609703 79.290193 68.524179 70.211707 10.139244 0.000000 0.000000 0.000000 0.000000 0.000000
0.000000 0.000000 0.000000 0.000000 0.000000 0.949209 9.836822 12.059032 614.156231 39.854499 12.721231 8.522625 0.000000 11.909523 20.650756 0.000000 0.000000 0.000000 0.000000 3.323907
0.000000 0.000000 0.000000 0.000000 0.000000 0.000000 0.000000 45.806524 85.620831 85.091857 37.003402 45.077379 89.801654 37.744735 10.825215 0.000000 1.322993 0.000000 0.000000 0.000000
0.000000 0.000000 0.000000 0.000000 4.999482 0.000000 20.982598 50.255718 66.438707 62.142524 67.161532 55.375744 29.097387 17.933834 0.000000 0.000000 0.000000 0.000000 0.000000 17.807157
0.000000 0.000000 0.000000 0.000000 0.000000 4.958886 0.000000 38.382664 66.076322 67.571542 116.576445 44.386335 21.993085 10.115697 6.262162 1.647741 0.000000 0.000000 0.000000 14.417077
0.000000 0.000000 0.000000 0.000000 0.000000 10.422615 26.876101 1547.019661 75.756772 64.845821 23.449616 35.803862 48.592236 1.509518 27.744719 0.000000 0.000000 9.104323 0.000000 0.000000
0.000000 0.000000 0.000000 0.000000 0.000000 0.000000 23.054524 295.090408 81.164388 488.055678 89.950474 93.856976 47.373602 24.816375 0.000000 0.000000 0.000000 0.000000 0.000000 0.000000
0.000000 0.000000 0.000000 0.000000 0.000000 1.861865 1.645300 55.629116 44.515472 137.754032 47.993158 73.058204 18.277347 33.681968 15.117282 0.000000 0.000000 2.369151 0.000000 0.000000
0.000000 0.000000 0.000000 0.000000 0.000000 0.000000 4.487399 50.939583 53.701098 136.862673 67.812149 78.042051 50.826752 0.000000 2.164462 50.401390 0.000000 10.110541 0.000000 0.000000
0.000000 0.000000 0.000000 0.000000 0.000000 0.000000 0.000000 13.354232 47.430641 49.363477 841.781282 81.473277 37.523997 4.021856 1.313102 0.000000 2.004562 0.000000 38.452608 0.000000
0.000000 0.000000 0.000000 0.000000 0.000000 0.000000 50.496890 25.115406 2777.310736 106.994815 117.859391 45.320780 19.824727 8.111735 16.584224 0.000000 0.000000 0.000000 0.000000 18.305377
0.000000 0.000000 0.000000 0.000000 0.000000 0.000000 18.549128 56.951233 445.852996 46.901024 74.112776 69.862713 91.056738 15.545637 0.000000 2.662212 0.000000 9.444082 0.000000 2.692834
0.000000 0.000000 0.000000 0.000000 0.000000 0.000000 0.000000 69.071278 127.520003 50.580932 83.963090 684.779431 64.821362 4.350289 2.617087 0.000000 0.000000 0.000000 0.000000 0.000000
0.000000 0.000000 0.000000 0.000000 11.011669 0.000000 0.000000 26.075979 80.150806 64.341028 52.471693 110.298174 89.462178 55.824072 0.186431 3.156015 5.332818 0.000000 0.000000 0.000000
0.000000 0.000000 0.000000 0.000000 0.000000 0.000000 0.000000 71.139691 52.032763 131.568602 103.793079 59.706278 49.775637 43.454427 0.000000 38.125914 0.000000 0.000000 0.000000 0.000000
0.000000 0.000000 0.000000 0.000000 0.000000 0.000000 7.397713 0.000000 39.900382 2214.015232 91.008092 66.535395 102.240540 12.634886 22.027987 0.000000 0.000000 0.000000 3.389966 0.000000
0.000000 0.000000 0.000000 0.000000 0.000000 0.000000 0.000000 0.000000 43.382642 236.457114 67.266144 113.552501 59.684693 94.370272 64.325420 1.055318 0.000000 0.000000 12.088819 0.000000
0.000000 0.000000 0.000000 0.000000 0.000000 0.000000 24.558266 24.530926 33.863960 141.374988 90.543752 108.824577 127.321723 27.814431 46.159481 0.443782 0.000000 0.000000 0.000000 0.007358
0.000000 0.000000 0.000000 0.000000 0.000000 0.000000 9.882601 67.033229 5.607363 61.072578 130.596589 99.728113 94.350658 216.983992 32.340798 0.000000 1.904705 0.000000 0.000000 0.000000
0.000000 0.000000 0.000000 0.000000 0.000000 0.000000 19.185524 33.654419 41.553550 103.571712 1604.382409 82.484920 65.781491 97.862085 0.000000 0.000000 0.000000 0.000000 0.000000 0.000000
0.000000 0.000000 0.000000 0.000000 0.000000 0.000000 1.197285 0.000000 37.932524 60.595390 301.467860 96.747994 59.962027 39.093774 73.189168 24.980103 0.000000 0.000000 0.000000 0.000000
0.000000 0.000000 0.000000 0.000000 0.000000 0.000000 0.000000 24.395320 49.782351 38.959675 135.453669 3762.388390 86.358684 6.080929 19.968024 0.000000 0.000000 3.819942 0.000000 0.000000
0.000000 0.000000 0.000000 0.000000 0.000000 0.000000 3.315097 15.834467 67.949086 14.754443 80.728321 419.710517 134.650440 10.259865 36.703882 6.579968 0.000000 29.311187 0.000000 0.000000
0.000000 0.000000 0.000000 0.000000 0.000000 0.000000 0.000000 22.572872 19.732587 63.470070 93.030996 120.490655 2253.025010 69.339338 3.259768 2.203288 0.719414 0.000000 34.433914 16.797026
0.000000 0.000000 0.000000 0.000000 0.000000 0.000000 0.000000 15.596664 94.050801 14.547989 35.463842 65.527456 281.488935 87.738733 67.512456 24.588990 44.462878 0.000000 0.000000 0.000000
0.000000 0.000000 0.000000 0.000000 0.000000 0.000000 0.000000 21.819358 12.080710 22.111797 77.112801 66.669336 158.127454 1877.144610 28.648563 10.741510 7.757665 0.000000 2.985443 0.000000
0.000000 0.000000 0.000000 0.000000 0.000000 0.000000 0.000000 28.022869 28.535077 26.340761 59.260040 38.770325 63.449254 147.118610 43.387678 8.890128 0.000000 9.795062 0.000000 0.000000
0.000000 0.000000 0.000000 0.000000 0.000000 0.000000 3.655690 6.510909 37.649144 61.831937 54.624356 49.447253 45.217958 97.433898 324.348753 33.846173 18.888537 3.696597 1.501580 0.000000
0.000000 0.000000 0.000000 0.000000 0.000000 0.000000 0.000000 20.577750 17.821867 49.522370 49.523089 93.772988 27.698291 52.223907 103.023021 63.181260 0.000000 0.000000 0.000000 0.000000
0.000000 0.000000 0.000000 0.000000 0.000000 0.000000 0.000000 18.287039 5.397643 97.481601 41.991271 35.366070 27.107199 54.855004 78.534118 56.589858 0.000000 5.685621 0.000000 2.287752
0.000000 0.000000 0.000000 0.000000 0.000000 0.000000 15.747846 4.856206 35.719089 87.160673 49.682563 103.935513 29.657278 25.613501 40.437763 40.853174 0.000000 0.000000 0.513703 0.199456
0.000000 0.000000 0.000000 0.000000 0.000000 5.358813 0.000000 55.879213 102.805109 67.940261 79.292028 37.573401 41.715799 47.929281 36.123233 0.251842 2.039699 6.987811 0.000000 0.000000
0.000000 0.000000 0.000000 0.000000 0.000000 0.000000 27.784423 117.768851 324.092225 293.281142 358.704728 385.893646 145.345700 52.401561 78.189574 4.062569 16.902129 4.860242 0.000000 0.000000
0.000000 0.000000 0.000000 0.000000 0.000000 0.000000 14.002682 22.972590 19.254856 2.693147 34.307935 114.323554 21.129111 29.344175 45.925009 43.990459 47.507419 0.000000 0.000000 0.000000
0.000000 0.000000 0.000000 0.000000 0.000000 0.000000 16.429962 29.443546 43.939114 74.224636 66.109105 75.845736 117.402464 40.687065 48.741404 36.784839 2.027765 0.000000 0.000000 0.028580
0.000000 0.000000 0.000000 0.000000 0.000000 0.000000 14.227115 99.038577 246.137650 324.141408 293.273727 341.053653 289.767784 189.868145 74.545127 3.896650 0.837513 0.000000 0.000000 6.084618
